/*--------------------------------*- C++ -*----------------------------------*\
| =========                 |                                                 |
| \\      /  F ield         | foam-extend: Open Source CFD                    |
|  \\    /   O peration     | Version:     3.2                                |
|   \\  /    A nd           | Web:         http://www.foam-extend.org         |
|    \\/     M anipulation  | For copyright notice see file Copyright         |
\*---------------------------------------------------------------------------*/
FoamFile
{
    version     2.0;
    format      ascii;
    class       volScalarField;
    location    "1";
    object      alpha1;
}
// * * * * * * * * * * * * * * * * * * * * * * * * * * * * * * * * * * * * * //

dimensions      [0 0 0 0 0 0 0];

internalField   nonuniform List<scalar> 
3200
(
5.5568059278e-39
4.03592628643e-37
2.36476096505e-35
1.14216530135e-33
4.63997091689e-32
1.61408469775e-30
4.86410166279e-29
1.27273379298e-27
2.87192647034e-26
5.51390130467e-25
8.85457270295e-24
1.16736140672e-22
1.23893872156e-21
1.03589738155e-20
6.64542217855e-20
3.14675535297e-19
1.00983304104e-18
2.72722517164e-18
4.94269548664e-15
5.01235621009e-12
3.02166820576e-10
1.72970132299e-09
2.04335580044e-09
3.39165496293e-11
2.25232089433e-39
1.78947257687e-37
1.12724791337e-35
5.73418238465e-34
2.40308846995e-32
8.45816061369e-31
2.53979622323e-29
6.57417326575e-28
1.4717923782e-26
2.83672296428e-25
4.65303948173e-24
6.39131847603e-23
7.21741000977e-22
6.57036792153e-21
4.71628883115e-20
2.58798097308e-19
1.02466136485e-18
2.62008981442e-18
6.73265268002e-16
7.32701970447e-13
3.78522593463e-11
1.7989735436e-10
1.98332139514e-10
1.59370202548e-12
2.3639699163e-40
2.20944875891e-38
1.61493959175e-36
9.40961601661e-35
4.46864428868e-33
1.76561581074e-31
5.90399536618e-30
1.69270618866e-28
4.19372445288e-27
8.99211658872e-26
1.66111711356e-24
2.62147887561e-23
3.50247837337e-22
3.93683434198e-21
3.71459685498e-20
2.92985630754e-19
1.86569985552e-18
8.25227705712e-18
5.55289140157e-17
1.02602535404e-14
3.82148879687e-13
1.30395590352e-12
1.13807324673e-12
2.65302867976e-14
1.33533566469e-41
1.49418376612e-39
1.2861226259e-37
8.71069955472e-36
4.7639903731e-34
2.15255958492e-32
8.191893862e-31
2.66725625496e-29
7.51287008099e-28
1.84020561377e-26
3.91561759833e-25
7.19626947528e-24
1.13355167534e-22
1.5199796301e-21
1.72839462564e-20
1.66840113436e-19
1.37972338318e-18
1.00019151575e-17
6.52911582377e-17
3.35913128425e-16
6.40914656512e-16
9.14407287861e-16
3.79953874988e-16
1.24512811758e-16
4.83662409777e-43
6.57187781328e-41
6.72306876957e-39
5.32046400929e-37
3.357031666e-35
1.73273088008e-33
7.4762593018e-32
2.74546299719e-30
8.6968902707e-29
2.39453735485e-27
5.7360870565e-26
1.18989718731e-24
2.1199429758e-23
3.21252190208e-22
4.10028181952e-21
4.36653650941e-20
3.84545703493e-19
2.77691792424e-18
1.61913320828e-17
6.4178848589e-17
4.77439258364e-17
4.22328231807e-17
2.29040288688e-17
5.88810622864e-18
1.18228343852e-44
1.98685140185e-42
2.44491406744e-40
2.27844990716e-38
1.66557960192e-36
9.82801655499e-35
4.79402249022e-33
1.97231075897e-31
6.95294737616e-30
2.1220483028e-28
5.62731974197e-27
1.29289674463e-25
2.55356598633e-24
4.28734055873e-23
6.03661700478e-22
7.01767960784e-21
6.59772189166e-20
4.85078436553e-19
2.63063441706e-18
9.52025034685e-18
9.86083980441e-18
8.32780287242e-18
4.87880645904e-18
1.40235501585e-18
1.95742904622e-46
4.20807181325e-44
6.35874573617e-42
7.0627866919e-40
6.02183266332e-38
4.07595805797e-36
2.2496124991e-34
1.0349421421e-32
4.04043462441e-31
1.35631556612e-29
3.94204558826e-28
9.91792049071e-27
2.1461463661e-25
3.94958693645e-24
6.08360661085e-23
7.6807401887e-22
7.7121603441e-21
5.8261395606e-20
2.98020038491e-19
8.50824617544e-19
1.11900249778e-18
1.28870951315e-18
7.9993411475e-19
2.60458358699e-19
2.11644280649e-48
6.20546077954e-46
1.1919094407e-43
1.60788293374e-41
1.61620085304e-39
1.26280570871e-37
7.91511550068e-36
4.07906048047e-34
1.76292222922e-32
6.4887824345e-31
2.05461265448e-29
5.61473889133e-28
1.31879703656e-26
2.63493474677e-25
4.39944788493e-24
5.97374963681e-23
6.33035635014e-22
4.86726286219e-21
2.22745887263e-20
5.57790236748e-20
1.2763051123e-19
1.73611790732e-19
1.09953082703e-19
3.80488015828e-20
1.35454257727e-50
6.2356898108e-48
1.60709183213e-45
2.7003209797e-43
3.24507495204e-41
2.95298644666e-39
2.11466305322e-37
1.22562166799e-35
5.87512419875e-34
2.36934201361e-32
8.14024039104e-31
2.39883185537e-29
6.05545696778e-28
1.29789457873e-26
2.31675641382e-25
3.3465422611e-24
3.71536323055e-23
2.58237447454e-22
1.05178150131e-21
4.23958899777e-21
1.40610760266e-20
2.06656154645e-20
1.31290464982e-20
3.97273384871e-21
3.88318124092e-53
4.10502115709e-50
1.54278709846e-47
3.33802932195e-45
4.88026960418e-43
5.22724360263e-41
4.30596246922e-39
2.81881458915e-37
1.50212056322e-35
6.63737833727e-34
2.46602459578e-32
7.7773733128e-31
2.08344252002e-29
4.70730222307e-28
8.94312545571e-27
1.34722674904e-25
1.32891956033e-24
8.26258991825e-24
5.25090506154e-23
3.23412002276e-22
1.37480304908e-21
2.19548597461e-21
1.38918041114e-21
4.09535214026e-22
3.90053982864e-56
1.55478651435e-52
1.02034136958e-49
2.99822736395e-47
5.46005085088e-45
6.96914652851e-43
6.64969248209e-41
4.93513401896e-39
2.9272860122e-37
1.41536575999e-35
5.66026676524e-34
1.88995469516e-32
5.29221713636e-31
1.25257071571e-29
2.40539357656e-28
3.12086154387e-27
2.82652006852e-26
2.70798376216e-25
2.65571074842e-24
2.1409128859e-23
1.18481205941e-22
2.07755753537e-22
1.31051936551e-22
3.77835766016e-23
3.7634470401e-59
3.06922097658e-55
4.25981315166e-52
1.8960557368e-49
4.4694911913e-47
6.91368213216e-45
7.69667482793e-43
6.48790199947e-41
4.27492057724e-39
2.24848920865e-37
9.57100004734e-36
3.34348649098e-34
9.56768791394e-33
2.19226133625e-31
3.4735741621e-30
4.40446281613e-29
6.17156415723e-28
9.1932389287e-27
1.1643440659e-25
1.18039423177e-24
8.97239936539e-24
1.73845682704e-23
1.10692756099e-23
3.11766287602e-24
3.9070580979e-62
5.08563176175e-58
1.19298047425e-54
8.13144364296e-52
2.60757435303e-49
5.00952809651e-47
6.55685545916e-45
6.26767401157e-43
4.54692564298e-41
2.5663835026e-39
1.14148766746e-37
3.97367699945e-36
1.03973645915e-34
2.00266443123e-33
3.31126680755e-32
6.55778196518e-31
1.41270644417e-29
2.64515039067e-28
4.14095570636e-27
5.35592585166e-26
5.87465118412e-25
1.5417312647e-24
1.60156062476e-24
7.00179346744e-25
3.35306085053e-65
7.9890821374e-61
2.60316609419e-57
2.62596168399e-54
1.11605645921e-51
2.6515982039e-49
4.0677474e-47
4.36776211596e-45
3.4211655218e-43
1.99208248618e-41
8.53208233007e-40
2.59867404749e-38
5.98490464547e-37
1.28743044634e-35
3.44287767855e-34
1.00560433457e-32
2.60922500095e-31
5.95866129615e-30
1.22046875727e-28
2.80645055554e-27
1.10098292885e-25
5.37129792202e-24
1.12060309002e-23
6.6875276513e-24
2.0569840461e-68
1.15995800816e-63
4.75633717377e-60
6.43303758744e-57
3.60945843966e-54
1.04719789942e-51
1.83911926477e-49
2.13269132864e-47
1.69382995873e-45
9.24583282869e-44
3.4792092857e-42
9.41002968453e-41
2.57591470152e-39
9.15308013647e-38
3.47142618897e-36
1.25533987816e-34
7.58145990287e-33
1.3678058037e-30
2.71932921449e-28
3.65363628796e-26
2.825145448e-24
8.36459912944e-23
1.32376779755e-22
7.38646256314e-23
8.89894976411e-72
1.38303673481e-66
7.61873239021e-63
1.25560579679e-59
8.76260859596e-57
3.0128445633e-54
5.80048639465e-52
6.80742040615e-50
5.06887554327e-48
2.43835760179e-46
8.42510377863e-45
2.8437937669e-43
1.44607049081e-41
2.8107776973e-39
1.84590598951e-36
9.45397012074e-34
3.20592328164e-31
7.56656176297e-29
1.26768604128e-26
1.43609848081e-24
9.23560744294e-23
1.09859039431e-21
1.31145234284e-21
7.11265731168e-22
1.2356739865e-71
5.44750334128e-69
1.1944634162e-65
2.08580152486e-62
1.64543473944e-59
6.28627521114e-57
1.27161689324e-54
1.58027083536e-52
1.65381092128e-50
2.51132620207e-48
6.35397030742e-46
3.40717415543e-43
3.90483453847e-40
3.69458442368e-37
2.17265405199e-34
8.12448987513e-32
2.06485593488e-29
3.79797130986e-27
5.13799586835e-25
4.83453495736e-23
2.61566942915e-21
1.18563332068e-20
1.05639904302e-20
5.97830724721e-21
1.09216523026e-69
3.3398539691e-67
1.14577236802e-64
4.0282725287e-62
1.34294000307e-59
4.42992305315e-57
1.44489231522e-54
5.24702026843e-52
1.9195816223e-49
7.04574644691e-47
4.02883599179e-44
5.14248786478e-41
6.09264883103e-38
4.34137896459e-35
1.86615323903e-32
5.25177267037e-30
1.03533215352e-27
1.51890211204e-25
1.67386202349e-23
1.31016296898e-21
6.12592312516e-20
1.05444369477e-19
6.51878161792e-20
4.19113668612e-20
6.62812531599e-68
1.82437684863e-65
5.86225854738e-63
1.96723685294e-60
6.38463012586e-58
1.99800433542e-55
5.99251606652e-53
1.76864109731e-50
5.95563977568e-48
2.72815929919e-45
3.77818772881e-42
6.27422379477e-39
6.26656889625e-36
3.43489771658e-33
1.12824442293e-30
2.47102807529e-28
3.84300790184e-26
4.5086950844e-24
4.03388195391e-22
2.6475563048e-20
1.08118123523e-18
9.20760668414e-19
1.99855755221e-18
1.15644611941e-18
2.53300260563e-66
6.53582191894e-64
2.00750647057e-61
6.3563033884e-59
1.98179277403e-56
6.08055066561e-54
1.74369162737e-51
4.64714529288e-49
1.32839997561e-46
9.98188137985e-44
2.84204598461e-40
4.78128643671e-37
3.94650173472e-34
1.74164038283e-31
4.5320714704e-29
7.71949481351e-27
9.55846067321e-25
8.86485719978e-23
6.31461246452e-21
3.49650838497e-19
1.79312927701e-17
1.38393515411e-15
9.37215598312e-15
6.47433835931e-15
5.10997229275e-65
1.31764159926e-62
4.0124397359e-60
1.2302467211e-57
3.84739300048e-55
1.14312037543e-52
3.16851482518e-50
8.09115378891e-48
1.94805919638e-45
2.58979447421e-42
1.16926860887e-38
1.97925344473e-35
1.40686058063e-32
5.00219631253e-30
9.95605579133e-28
1.20162437294e-25
9.07286738172e-24
4.59914844938e-22
1.64012256232e-20
6.54565627817e-19
1.88312415686e-15
3.70155132945e-13
3.07913970995e-12
3.10107642952e-12
4.20813458675e-64
1.1877790387e-61
3.57217752283e-59
1.11925401672e-56
3.6107705965e-54
1.0911996045e-51
3.04919423878e-49
7.75431645549e-47
1.76310167773e-44
2.55096293344e-41
2.19469838025e-37
4.03518531862e-34
2.53703659612e-31
7.22428229317e-29
1.02778006728e-26
7.70644680555e-25
3.37449362144e-23
9.23649587642e-22
1.64135279044e-20
6.5355484523e-18
3.39370026537e-14
6.28296039599e-12
7.71173917977e-11
1.44039762951e-10
6.06805517624e-64
2.04362082702e-61
6.60801124452e-59
2.04736642953e-56
6.16113812829e-54
1.73713111125e-51
4.55857669894e-49
1.10258142108e-46
2.43526058721e-44
2.99051603061e-41
1.53702674126e-36
3.72034726446e-33
2.50017508499e-30
6.643097974e-28
8.11518104372e-26
4.73832257267e-24
1.48696648617e-22
2.70524789291e-21
3.14099469183e-20
1.77194255621e-17
6.99905677041e-14
1.3340342532e-11
2.50446617088e-10
1.16733569409e-09
2.14796151138e-65
5.79572122454e-63
1.16184733427e-60
4.4048958308e-58
1.98049958558e-55
1.03956955711e-52
5.57679729178e-50
3.05570676801e-47
1.56375178948e-44
7.97905312866e-42
1.07682473891e-36
6.42693550286e-33
6.35026638951e-30
2.05900501938e-27
2.84198592687e-25
1.73203451378e-23
5.30717219659e-22
9.10413976073e-21
9.47626605158e-20
6.65099606875e-19
7.35274209606e-16
4.23114387469e-13
4.81806264104e-11
2.46836133101e-09
2.67090799402e-42
2.52936564282e-40
1.97163474061e-38
1.28052703587e-36
6.96079725041e-35
3.16706741284e-33
1.20345368979e-31
3.80680258789e-30
9.98821540411e-29
2.16604362896e-27
3.86958315304e-26
5.67783517361e-25
6.8230845669e-24
6.69121856817e-23
5.32148758877e-22
3.39046019439e-21
1.69406418863e-20
6.44569813423e-20
1.8229648151e-19
1.77199330987e-18
7.16562195859e-15
6.38185839225e-12
8.76540262414e-10
2.86770555168e-08
8.26139882902e-41
7.40680293926e-39
5.44164120891e-37
3.31187659809e-35
1.67496387249e-33
7.02922148847e-32
2.4387592707e-30
6.96162874139e-29
1.62679111302e-27
3.0971047292e-26
4.78475963495e-25
5.98323867476e-24
6.05240948623e-23
4.956975543e-22
3.28214760443e-21
1.73316091854e-20
7.00808190221e-20
2.00319673936e-19
3.72035412033e-19
2.35624268622e-17
2.09538067813e-13
1.95040777317e-11
1.25147819219e-09
3.30229715868e-08
8.05823708035e-40
6.9396990301e-38
4.92777926631e-36
2.93264150525e-34
1.47224984963e-32
6.23145933048e-31
2.21240884526e-29
6.5379088138e-28
1.59365571727e-26
3.17344177683e-25
5.10864600792e-24
6.57020417311e-23
6.65582811584e-22
5.21702565316e-21
3.08920946515e-20
1.33363703239e-19
3.96836677621e-19
8.66436160323e-18
1.96160174264e-14
5.15341919283e-12
1.68648061447e-10
1.45043908472e-09
8.11111303959e-09
3.36850825779e-08
3.90493400958e-39
3.25590727206e-37
2.18906979576e-35
1.20708387867e-33
5.50996957333e-32
2.08993852645e-30
6.5834065589e-29
1.71596043184e-27
3.68106667411e-26
6.45929814726e-25
9.20816155859e-24
1.05790495244e-22
9.69800406367e-22
7.00407211553e-21
3.92363750151e-20
1.68609147149e-19
5.73287712833e-19
2.46247079164e-18
1.7947916253e-15
4.57288438629e-13
2.04567731281e-11
4.10960256185e-10
6.46156759047e-09
6.00920910969e-08
3.8078808061e-39
3.18150781606e-37
2.14266850506e-35
1.18313404318e-33
5.40654155235e-32
2.05248444331e-30
6.4699353595e-29
1.68736128498e-27
3.62153861248e-26
6.35783873941e-25
9.06799570855e-24
1.0423883694e-22
9.5621686853e-22
6.9116425154e-21
3.87583469539e-20
1.66771323324e-19
5.68567869865e-19
2.42117445341e-18
1.74548828322e-15
4.47078211269e-13
2.00728610372e-11
4.02493762324e-10
6.31130912489e-09
5.90452712752e-08
7.88290664808e-40
6.80126357056e-38
4.83775448048e-36
2.88353539588e-34
1.44946501104e-32
6.14115527275e-31
2.18188629032e-29
6.45048241795e-28
1.5726367798e-26
3.13157134008e-25
5.04060687334e-24
6.48160196083e-23
6.56526779688e-22
5.14631781767e-21
3.04876473676e-20
1.3179838257e-19
3.93365762532e-19
8.41682989131e-18
1.90797849241e-14
5.04195719799e-12
1.65723704354e-10
1.42643574467e-09
7.95182175217e-09
3.30410861771e-08
8.07651988596e-41
7.25547491712e-39
5.34034315143e-37
3.25572116151e-35
1.64899909011e-33
6.92915120157e-32
2.40675938602e-30
6.87731831818e-29
1.60864367919e-27
3.06554071142e-26
4.74106317297e-25
5.93627722199e-24
6.01526494839e-23
4.9386572941e-22
3.28157555235e-21
1.74112293193e-20
7.07890647436e-20
2.02983994601e-19
3.68530577867e-19
5.25097056207e-18
2.00123078138e-13
1.93107153854e-11
1.24845608432e-09
3.30808449558e-08
2.60108779067e-42
2.47734591885e-40
1.9412872531e-38
1.26669708546e-36
6.91282538586e-35
3.15542721812e-33
1.2021170003e-31
3.81008003281e-30
1.00111190521e-28
2.17301492532e-27
3.88365544758e-26
5.69773346728e-25
6.84172626356e-24
6.69926683312e-23
5.31531776805e-22
3.37607684169e-21
1.68135154059e-20
6.38387981609e-20
1.80907242758e-19
1.83541501516e-18
7.36432044806e-15
6.46303957729e-12
8.86597406327e-10
2.89759144711e-08
3.50721464632e-65
8.96633690811e-63
1.87160113043e-60
7.23662940912e-58
3.2891297694e-55
1.70340299241e-52
8.89541827209e-50
4.51639396557e-47
2.24432814433e-44
1.0646965211e-41
1.68587970871e-36
7.86175642869e-33
7.06358670511e-30
2.19462474822e-27
2.95746275582e-25
1.77502794145e-23
5.3914535162e-22
9.19810814553e-21
9.5416850092e-20
6.68429523819e-19
7.37285216629e-16
4.23275679697e-13
4.81640889265e-11
2.46827325827e-09
1.00357666736e-63
3.15544197314e-61
9.83768435681e-59
2.88716078421e-56
8.28093360155e-54
2.25081497608e-51
5.69713993402e-49
1.3309226618e-46
2.84650716975e-44
5.02130299863e-41
1.83724560466e-36
4.11889147719e-33
2.66647274081e-30
6.93231990754e-28
8.34208769417e-26
4.82544573754e-24
1.50513902387e-22
2.72693688031e-21
3.15835203153e-20
1.78804435923e-17
7.03305421486e-14
1.33633004008e-11
2.50275317532e-10
1.16478612478e-09
5.59850027434e-64
1.52322506935e-61
4.43333462952e-59
1.35581883604e-56
4.21193629526e-54
1.25206048954e-51
3.44674474893e-49
8.65103607052e-47
1.94531463277e-44
3.32869072319e-41
2.5355984438e-37
4.3860178858e-34
2.68420681927e-31
7.49727681829e-29
1.05365522726e-26
7.8398458508e-25
3.41534421461e-23
9.31596961816e-22
1.65172051346e-20
6.59050237987e-18
3.40631723927e-14
6.28365367764e-12
7.69131505241e-11
1.43370660027e-10
5.95064648648e-65
1.4866796104e-62
4.41966768533e-60
1.34557986677e-57
4.20773307204e-55
1.2303577319e-52
3.36156682666e-50
8.48750797107e-48
2.06361594123e-45
3.06762363145e-42
1.31484949803e-38
2.14250409662e-35
1.48618716802e-32
5.19368334931e-30
1.0219008417e-27
1.22526470361e-25
9.20985787938e-24
4.65272338137e-22
1.65454746623e-20
6.59523309833e-19
1.88706256824e-15
3.69316621339e-13
3.06245085961e-12
3.07807456396e-12
2.68171996551e-66
6.79453102403e-64
2.11790457214e-61
6.65301410573e-59
2.02892234963e-56
6.17993673056e-54
1.76070088571e-51
4.67363788961e-49
1.36169660662e-46
1.1295692157e-43
3.19484647946e-40
5.17911994879e-37
4.17915110901e-34
1.81607990866e-31
4.66735373804e-29
7.89152880945e-27
9.69212553924e-25
8.94424175389e-23
6.34678087386e-21
3.5062196949e-19
1.7947278382e-17
1.3766492368e-15
9.28914526195e-15
6.40430367113e-15
6.56991920227e-68
1.82290580389e-65
5.88335252617e-63
1.95256845907e-60
6.28862616826e-58
1.95904059239e-55
5.85380662522e-53
1.74177922765e-50
5.94794404023e-48
2.8857819325e-45
4.21220632391e-42
6.84829087714e-39
6.67018209003e-36
3.60105459549e-33
1.16852818478e-30
2.53821595061e-28
3.919878304e-26
4.57075532244e-24
4.06805433114e-22
2.65923882389e-20
1.08223245786e-18
9.16672440745e-19
1.9769552425e-18
1.14258530242e-18
1.02523909847e-69
3.19883896328e-67
1.10162878891e-64
3.86657628243e-62
1.28644278423e-59
4.25053248071e-57
1.39018814195e-54
5.09267927214e-52
1.88091479057e-49
7.061123652e-47
4.3064528488e-44
5.62251889977e-41
6.54021166134e-38
4.58662770246e-35
1.9467312165e-32
5.42658967058e-30
1.06135958012e-27
1.5461045471e-25
1.69308798322e-23
1.31814187933e-21
6.13641868892e-20
1.0512031767e-19
6.49679176175e-20
4.17777174041e-20
1.11604681798e-71
5.12790620837e-69
1.1856922732e-65
2.10350168212e-62
1.67321417084e-59
6.44340615233e-57
1.30972129046e-54
1.62137873566e-52
1.65421925246e-50
2.44936717916e-48
6.31152514292e-46
3.61116593583e-43
4.20632294618e-40
3.93090119772e-37
2.28174125033e-34
8.44511606672e-32
2.12766954077e-29
3.88266879841e-27
5.21458516482e-25
4.87430112433e-23
2.62160268353e-21
1.18153997262e-20
1.05112414601e-20
5.94700762644e-21
8.54983949291e-72
1.35614444515e-66
7.55615305336e-63
1.25489644442e-59
8.82492147784e-57
3.05443115555e-54
5.91176307282e-52
6.97033638088e-50
5.20298281082e-48
2.50745242796e-46
8.64041166612e-45
2.89697557183e-43
1.46784334406e-41
2.95629979227e-39
1.94557068227e-36
9.87549410804e-34
3.31846715493e-31
7.76388129302e-29
1.29033241155e-26
1.45095364353e-24
9.26398304428e-23
1.09437850493e-21
1.3034204544e-21
7.0662332434e-22
1.95886128059e-68
1.12469713428e-63
4.66020373951e-60
6.36068217916e-57
3.59869889343e-54
1.04987950525e-51
1.85140067624e-49
2.15358623716e-47
1.71491128785e-45
9.38444731909e-44
3.53529867997e-42
9.54710653974e-41
2.59510570164e-39
9.16223877133e-38
3.46757408606e-36
1.25408171956e-34
7.70513927211e-33
1.40269914149e-30
2.77102125916e-28
3.69640721325e-26
2.83649918123e-24
8.32811125823e-23
1.31457669337e-22
7.33078588557e-23
3.16293251221e-65
7.62974573125e-61
2.52282193856e-57
2.57396966029e-54
1.10298514418e-51
2.63278765652e-49
4.05321627568e-47
4.36168534816e-45
3.42221332117e-43
1.99699233539e-41
8.5653137076e-40
2.60942565194e-38
6.00700962361e-37
1.28551334504e-35
3.4234440547e-34
9.96571076209e-33
2.57622916903e-31
5.87124549186e-30
1.20196163463e-28
2.7785605793e-27
1.097859562e-25
5.34471407701e-24
1.11224473355e-23
6.63143604326e-24
3.65152143627e-62
4.78536692571e-58
1.1478195165e-54
7.91861409027e-52
2.55629093087e-49
4.93556841837e-47
6.47946308181e-45
6.20467440365e-43
4.5067397912e-41
2.54776811017e-39
1.13376358293e-37
3.94792302951e-36
1.0340899155e-34
1.99014374694e-33
3.28243152091e-32
6.47146933359e-31
1.39004910539e-29
2.59808016489e-28
4.062863832e-27
5.24463096001e-26
5.74852353326e-25
1.53055702137e-24
1.60109185919e-24
7.33904129752e-25
3.48067305189e-59
2.87404308415e-55
4.07037789832e-52
1.83781502736e-49
4.3628216183e-47
6.77706707952e-45
7.56439835389e-43
6.3862959105e-41
4.21195896786e-39
2.21618963561e-37
9.43043947562e-36
3.29460891948e-34
9.42756676159e-33
2.16224660977e-31
3.42480294313e-30
4.33245168359e-29
6.05478394974e-28
9.00455075131e-27
1.13998802938e-25
1.15497659031e-24
8.7801662372e-24
1.72254375371e-23
1.10228006998e-23
3.16917176919e-24
3.56744242416e-56
1.45406774715e-52
9.76680499083e-50
2.89867040218e-47
5.31018540457e-45
6.80421133602e-43
6.50885746932e-41
4.83789807264e-39
2.87185267171e-37
1.38870469526e-35
5.55114649216e-34
1.8522202577e-32
5.18521923622e-31
1.22781877003e-29
2.35692894083e-28
3.05825826757e-27
2.76606292744e-26
2.64720723892e-25
2.59602622274e-24
2.09384799203e-23
1.16021318951e-22
2.05759412512e-22
1.30157964078e-22
3.77112511513e-23
3.52144395177e-53
3.87233319909e-50
1.4755084583e-47
3.21796396607e-45
4.73029839302e-43
5.08632293052e-41
4.20120519039e-39
2.75477283927e-37
1.46915889516e-35
6.49211039606e-34
2.41108067977e-32
7.59908201013e-31
2.03421141162e-29
4.59438520978e-28
8.73168538954e-27
1.31523867044e-25
1.29770925907e-24
8.06754477763e-24
5.12842160226e-23
3.16239596565e-22
1.34774412279e-21
2.17422070617e-21
1.37848053045e-21
4.067199649e-22
1.25880775345e-50
5.89757503077e-48
1.53494689895e-45
2.59624872826e-43
3.13560282602e-41
2.86451072687e-39
2.05732359113e-37
1.19471250906e-35
5.73299575196e-34
2.31276486104e-32
7.94448839257e-31
2.33987688515e-29
5.90334485228e-28
1.26485122221e-26
2.25666528729e-25
3.26207360459e-24
3.623538921e-23
2.51970394726e-22
1.02703984858e-21
4.14723130433e-21
1.38022813885e-20
2.04701714244e-20
1.30293335433e-20
3.94391980702e-21
1.98424903595e-48
5.88301564648e-46
1.13817858039e-43
1.54351976656e-41
1.55810027658e-39
1.22176817475e-37
7.6803102643e-36
3.966657902e-34
1.71684179824e-32
6.32452833956e-31
2.00309661572e-29
5.47258676582e-28
1.28509235889e-26
2.56712733936e-25
4.2852110507e-24
5.82115318532e-23
6.17211887289e-22
4.75078194185e-21
2.17582353069e-20
5.45889564392e-20
1.25455320346e-19
1.72042592845e-19
1.09148201549e-19
3.77473653097e-20
1.84582355613e-46
3.99976615604e-44
6.07778342877e-42
6.77986988212e-40
5.80094000707e-38
3.93783221996e-36
2.17856026754e-34
1.00424753833e-32
3.92729149547e-31
1.32010970835e-29
3.83984756622e-28
9.66447359174e-27
2.09199911996e-25
3.85054318444e-24
5.93155938896e-23
7.49384397622e-22
7.52790176954e-21
5.69100130703e-20
2.91367656492e-19
8.32340567528e-19
1.10124109731e-18
1.27778279345e-18
7.94399997738e-19
2.58901280807e-19
1.12065097636e-44
1.89505827197e-42
2.34246560441e-40
2.19043328679e-38
1.60549773655e-36
9.49377332962e-35
4.63937139644e-33
1.91176422941e-31
6.7494799849e-30
2.06275622581e-28
5.47699927013e-27
1.25988807246e-25
2.49109139156e-24
4.1856130865e-23
5.89695886125e-22
6.8608833579e-21
6.45228594148e-20
4.74556808933e-19
2.57367803969e-18
9.30397155274e-18
9.72460319955e-18
8.26378969666e-18
4.8479176229e-18
1.39445612579e-18
4.60465166533e-43
6.28894176383e-41
6.45792488569e-39
5.1252616682e-37
3.24101329438e-35
1.67579144001e-33
7.24124375382e-32
2.66261854686e-30
8.44484328574e-29
2.32810004306e-27
5.58488376435e-26
1.16040249236e-24
2.07091048659e-23
3.14319419987e-22
4.0170573986e-21
4.28157534994e-20
3.7704969867e-19
2.72118145999e-18
1.58383498109e-17
6.27086394899e-17
4.72459186211e-17
4.19888258681e-17
2.27928414619e-17
5.86247930055e-18
1.27553617537e-41
1.43396441473e-39
1.23846344248e-37
8.40871910988e-36
4.60766288996e-34
2.0852975346e-32
7.94779243537e-31
2.59161694562e-29
7.31118126968e-28
1.79385196562e-26
3.82421100907e-25
7.04267677338e-24
1.11167595175e-22
1.49356578865e-21
1.70107048409e-20
1.64344143533e-19
1.35833647992e-18
9.81787089595e-18
6.37428158888e-17
3.26506021964e-16
6.25337615632e-16
8.93468650724e-16
3.73393932301e-16
1.21150309412e-16
2.26198055409e-40
2.1228767089e-38
1.55676056894e-36
9.09508176893e-35
4.32927202919e-33
1.71412731638e-31
5.74336449922e-30
1.65007591213e-28
4.09738194632e-27
8.80784198722e-26
1.63168901972e-24
2.58300160976e-23
3.46225727345e-22
3.90421320744e-21
3.69516252444e-20
2.92296333729e-19
1.8668805801e-18
8.28598259997e-18
5.47634737492e-17
1.0015506318e-14
3.73324747686e-13
1.27271497957e-12
1.10789529367e-12
2.588501994e-14
2.15808538802e-39
1.72097378401e-37
1.08741846718e-35
5.54583580543e-34
2.32948258318e-32
8.2167716466e-31
2.47251078341e-29
6.41356414055e-28
1.43895737463e-26
2.77970177492e-25
4.57028656993e-24
6.29330163151e-23
7.12563346258e-22
6.50564377998e-21
4.68498387574e-20
2.58021022295e-19
1.02561080803e-18
2.63016342423e-18
6.61758208891e-16
7.19338998998e-13
3.71044485102e-11
1.76204318048e-10
1.94278125159e-10
1.57278048618e-12
5.37002819713e-39
3.91008035433e-37
2.29580840397e-35
1.11088304645e-33
4.52043088653e-32
1.57500019643e-30
4.75356089386e-29
1.24566605534e-27
2.81509554594e-26
5.41336001197e-25
8.70806235004e-24
1.15022116068e-22
1.22328940235e-21
1.02511859191e-20
6.59191019154e-20
3.12900821287e-19
1.00672082947e-18
2.71658153887e-18
4.88324228889e-15
4.94248014096e-12
2.97137777971e-10
1.69671838728e-09
2.00217378321e-09
3.28332738809e-11
7.11710118255e-08
1.9080076238e-06
7.09572027945e-05
0.00250063327574
4.27294956608e-09
5.74361220361e-08
4.25291050547e-06
0.000759597020043
2.21571155289e-11
5.72635376956e-11
8.75340821199e-07
0.000682144159398
9.38327697178e-14
7.33185384583e-18
5.61530048029e-07
0.000939484418303
8.57034982303e-17
1.38359222463e-19
1.09573239729e-06
0.00145717265485
1.16374459723e-19
2.79221263773e-21
2.28761288102e-06
0.00218209744998
1.26674214187e-20
4.67258761627e-22
4.37063614125e-06
0.00315062653263
1.59268324474e-21
1.38424068319e-22
7.84428555279e-06
0.00439657392668
1.96135569426e-22
9.50020070337e-23
1.35063399853e-05
0.0059813534432
2.31224043805e-23
1.48146939072e-09
2.27033196088e-05
0.00807914123294
2.85126966514e-24
1.37338311606e-08
3.56950356795e-05
0.0110220790892
4.06332448394e-25
4.00956871468e-08
5.50521084461e-05
0.0148660715957
1.22019981104e-24
8.18089049304e-08
8.67084723721e-05
0.0196829322732
1.20902016e-24
1.24932874033e-07
0.000136534429105
0.0254853119138
1.55772299146e-22
1.68260281391e-07
0.000211316459905
0.032240280824
1.55569304051e-22
1.85203487042e-07
0.000318672528928
0.0400065930869
1.13148718844e-20
4.30575081521e-22
0.000468837613602
0.0489264129321
1.43353769677e-20
2.44123863272e-23
0.000678809333337
0.0591944290727
7.80506541526e-22
1.34401742011e-23
0.00097143400309
0.0710763124425
1.824724286e-23
1.29820124746e-23
0.0013801518434
0.0849538902492
-1.14372827987e-23
-3.82672110595e-22
0.00195826884224
0.101237523307
-1.63152345755e-24
-4.27874000587e-22
0.00282428237394
0.120590510699
3.27709621138e-24
4.25582773001e-06
0.00429634562783
0.142933702801
-4.57582014925e-22
7.75770990176e-21
0.00512960235003
0.163062363051
0.000928275787388
0.013560767184
0.10306022989
0.426115491132
0.000165258585376
0.00532287201213
0.0580754994272
0.312965410406
4.96705399116e-06
0.000995053993157
0.0275845458941
0.251934174043
2.28067464576e-06
0.000285304164399
0.0155256043575
0.202898127225
2.29436799236e-07
1.96564890702e-07
1.97718067232e-07
5.18186854985e-05
5.50111046173e-08
1.34043217537e-07
6.99949019559e-07
4.06479302607e-06
2.83255784766e-07
1.02437201101e-06
1.25660866694e-06
3.95109765214e-07
2.22267666408e-07
5.82399906831e-07
4.91134654155e-07
3.15921752646e-08
2.24277561917e-07
5.86672476106e-07
4.95529836361e-07
3.15921752646e-08
2.84152977935e-07
1.0291418271e-06
1.26303701414e-06
3.98224699376e-07
5.4198693696e-08
1.33592102333e-07
7.01721955139e-07
4.08082575867e-06
2.27149339219e-07
1.95661944286e-07
1.96817692404e-07
5.18743517979e-05
2.27203488975e-06
4.92839339666e-06
0.000164469086948
0.000927760870182
0.000284197756586
0.000991101270617
0.00530811637426
0.0135377785538
0.0154826509689
0.0275103784187
0.0579368761733
0.102781620717
0.202555398063
0.251498226151
0.312427761121
0.425368184852
0.162788220979
0.00511045190217
1.91771510355e-21
-3.7333988697e-22
0.142700398965
0.00428316519342
4.21256746712e-06
1.38909800872e-24
0.120401054901
0.00281576623036
7.728009217e-22
2.57955782013e-38
0.101085712316
0.00195261887721
6.92733997827e-22
-3.81867160138e-40
0.0848333979331
0.00137640139392
-2.41140601817e-22
1.41614151897e-23
0.0709817920766
0.000968998923738
-8.18337403224e-23
7.7709887985e-22
0.059120826955
0.000677187212138
9.29007526414e-23
1.42952807583e-20
0.0488695079938
0.000467781329036
3.15564584767e-10
1.12590189804e-20
0.0399625058942
0.000318004678853
1.86369410294e-07
1.55350712413e-22
0.0322059777227
0.000210856122152
1.68243903128e-07
1.55556488744e-22
0.0254590412587
0.000136250265227
1.25110284495e-07
1.02682391026e-24
0.0196637227354
8.65485352014e-05
8.18840537892e-08
1.03513903781e-24
0.0148537826484
5.49733335627e-05
4.00893986607e-08
4.08393405628e-25
0.0110135520109
3.56703718341e-05
1.37102114245e-08
2.75857620699e-24
0.00807472330301
2.26927630267e-05
1.48555318156e-09
2.29170702804e-23
0.00597917141495
1.35016759691e-05
9.26011853482e-23
1.94759120664e-22
0.00439531946187
7.84270969895e-06
1.3510511218e-22
1.58222907658e-21
0.00314991080123
4.37049160824e-06
4.5919966998e-22
1.25832589056e-20
0.0021817576337
2.2882288087e-06
2.76838927254e-21
1.15329264648e-19
0.00145704052251
1.09628113745e-06
1.36114725727e-19
8.35339509314e-17
0.000939481936726
5.61682520789e-07
7.14344799759e-18
9.24272780711e-14
0.000682184254473
8.75220462462e-07
5.71764399165e-11
2.20019197994e-11
0.000759539973054
4.25161470963e-06
5.74104709909e-08
4.26373179733e-09
0.00249987228873
7.09292477989e-05
1.90784773152e-06
7.11823773107e-08
0.997970601605
0.878672505709
0.345532857041
0.0477274147589
0.998135136841
0.920709825877
0.435297096129
0.0441146053355
0.998987360393
0.950288103708
0.502396537646
0.0562784700216
0.999646377321
0.966954574153
0.564565485092
0.0724987815884
1.0000008047
0.977219981879
0.622038027503
0.092253306337
1.00011756868
0.983971891657
0.674823948209
0.11514900442
1.00021772355
0.988576688821
0.722740620587
0.141063410358
1.00029862777
0.991681889911
0.765598804535
0.169947954534
1.00037014686
0.99365598859
0.802876614727
0.202014559907
1.00043716789
0.995071628683
0.834186322837
0.236986210578
1.00050404308
0.99618943942
0.860672622054
0.273687832694
1.00057243032
0.997080536101
0.883247470412
0.311326150174
1.00064347231
0.997786963712
0.902365272708
0.349416018693
1.00070256812
0.998349739893
0.918239357937
0.387735594328
1.00076296222
0.9988127807
0.931255821881
0.426141036308
1.00085137056
0.999215790945
0.941902341021
0.46441673811
1.00097998423
0.999580023093
0.950676443285
0.502258317902
1.00113354589
0.999945550403
0.958028158707
0.53938532984
1.00125180865
1.00005051772
0.964388974518
0.575673805629
1.00133161186
1.00009533296
0.969849603833
0.610954636344
1.00136777305
1.00011836132
0.974557502074
0.644976626013
1.00134992796
1.00012736816
0.978528360349
0.677478162903
1.00126463174
1.00011917177
0.981871490828
0.710382357216
1.0010737568
1.00009046638
0.987283746043
0.743130207468
0.999727811424
0.988559228633
0.929363808789
0.782500876422
1.0000130161
0.999550540047
0.974582690703
0.766725248588
1.00027447806
0.99966801848
0.977343565048
0.75933777272
1.00066232667
0.999985156023
0.978581413181
0.74581784868
1.00177320277
1.00101733683
1.00044002716
1.00004120832
1.00267440209
1.00181959681
1.00105533793
1.00042773154
1.00329531008
1.00252504313
1.0017760797
1.00108431808
1.00369746106
1.00303465911
1.00240572599
1.001833187
1.0036972725
1.00303433462
1.00240518625
1.00183232793
1.0032949738
1.0025245126
1.00177535045
1.00108341429
1.00267389288
1.0018189499
1.00105466482
1.00042712589
1.00177254859
1.00101665979
1.00043954539
1.00004059933
1.00066165309
1.00027369533
1.00001294356
0.999726001601
0.999984178022
0.999666215923
0.999546590821
0.9885154739
0.978528490204
0.977279337358
0.97448656903
0.929175224048
0.74542442013
0.758889135464
0.766198705571
0.782010976059
0.74277735658
0.987252314915
1.00009030461
1.00107328205
0.710042668397
0.981832107386
1.00011892133
1.00126413395
0.67715502016
0.978486392416
1.00012720439
1.00134941211
0.644674933628
0.97451340059
1.00011818782
1.0013672197
0.610675126179
0.969803485416
1.00009503684
1.00133094313
0.575416723796
0.964341124034
1.00004944475
1.00125112914
0.539151669583
0.957978492581
0.999943859267
1.00113289638
0.502047860548
0.950625383925
0.999578391208
1.00097947283
0.464228347471
0.941849443733
0.999213996998
1.00085097501
0.425973739432
0.931199140218
0.998810882856
1.00076265119
0.387587759524
0.91817760936
0.998347630268
1.00070229537
0.34928413099
0.902300251104
0.997784570154
1.00064340708
0.311208671479
0.883180472553
0.997077799603
1.00057243039
0.273587307021
0.860604702263
0.996186380919
1.00050409795
0.236902016339
0.834117354463
0.995068381005
1.00043726605
0.201949722528
0.802802450469
0.993652247157
1.0003702848
0.169900492098
0.765525224744
0.991676398332
1.00029877742
0.141029736415
0.722672956917
0.988569054541
1.00021784489
0.115126225751
0.674765004137
0.983963710472
1.00011757163
0.0922384669805
0.621988418394
0.977211567991
1.00000088039
0.0724891843629
0.56452576807
0.966947632111
0.999646458805
0.0562732243466
0.502370166184
0.950283938467
0.998987455276
0.0441124967937
0.435290905165
0.920712477028
0.99813508834
0.0477232005312
0.345554298971
0.878690872341
0.997971095184
1.01162564891
1.01130839507
1.01095045685
1.01061129916
1.01029177928
1.00998977054
1.0097028723
1.00942856239
1.00916415204
1.00890706056
1.00865482497
1.00840418822
1.00815004711
1.00788681932
1.00761041249
1.00731682495
1.00699859559
1.00664422126
1.00624052537
1.00577318054
1.00521989432
1.00453783261
1.00364967006
1.00248024461
1.01146709698
1.01115410995
1.0108008554
1.01046559875
1.01014917026
1.00984947109
1.00956411666
1.00929053577
1.00902613765
1.00876831433
1.0085143653
1.00826129536
1.00800445361
1.00773783374
1.00745672107
1.00715792369
1.00683641801
1.00648227099
1.00608263303
1.00562374657
1.00508780752
1.00444255952
1.00362781794
1.0025687418
1.01126585703
1.0109580044
1.01061069007
1.01028054114
1.00996827144
1.00967190811
1.00938906062
1.00911716543
1.00885371226
1.00859635816
1.00834285008
1.0080905712
1.00783432382
1.00756662402
1.00728289921
1.00698214828
1.00666134074
1.0063124836
1.00592401315
1.00548295736
1.00497358672
1.00436588096
1.00360420357
1.00260866777
1.01102591696
1.01072479776
1.01038489008
1.0100612524
1.00975450959
1.0094628176
1.00918364219
1.00891432176
1.00865257862
1.00839638102
1.00814369006
1.00789278217
1.00763919866
1.00737353463
1.00708974304
1.0067881248
1.00646825784
1.00612411435
1.00574638777
1.00532313071
1.00483838676
1.00426337381
1.00354480489
1.00259491659
1.01075330265
1.01046015186
1.01012876452
1.00981253673
1.00951212706
1.00922635766
1.00895236574
1.00868656946
1.00842707313
1.00817295172
1.00792206489
1.00767230893
1.00742016293
1.00715735834
1.00687624652
1.00657633315
1.00625844794
1.00591856098
1.00554924924
1.00514027369
1.0046763
1.00412916769
1.00344702651
1.00253707545
1.01045066728
1.01016639951
1.00984445221
1.00953642744
1.00924301141
1.00896380067
1.00869603975
1.00843506933
1.00817913445
1.00792794664
1.00767940629
1.00743091484
1.00717997057
1.00692033091
1.00664376981
1.00634744895
1.00603246905
1.00569684184
1.00533531079
1.00493882633
1.00449228522
1.0039701679
1.00332080121
1.00244658821
1.0101192411
1.00984462191
1.00953302851
1.00923411341
1.00894867794
1.00867654335
1.00841523349
1.00816013418
1.00790925628
1.00766185628
1.00741582892
1.0071690314
1.00692002911
1.0066646817
1.00639428569
1.00610323998
1.00579238243
1.00546198291
1.0051080535
1.00472287333
1.00429322424
1.00379393071
1.0031761317
1.00233649226
1.0097598952
1.0094955051
1.00919513056
1.0089064856
1.0086302496
1.00836592063
1.0081112494
1.00786278375
1.00761812542
1.00737573273
1.0071337118
1.00689007357
1.00664347483
1.0063913518
1.00612678196
1.00584313335
1.00553923655
1.00521561975
1.00487011271
1.0044965499
1.00408303229
1.00360662169
1.00301923812
1.00221445777
1.00937342378
1.0091201652
1.008832123
1.00855428726
1.00828786854
1.00803217776
1.00778512334
1.00754428087
1.00730696826
1.00707086049
1.00683448545
1.00659599874
1.00635334028
1.00610428721
1.00584429189
1.00556797255
1.00527272852
1.0049581196
1.0046224756
1.00426115138
1.00386501121
1.00341139582
1.00285518375
1.00208905876
1.00896046451
1.00872009322
1.00844570354
1.00817839668
1.0079215214
1.00767542885
1.00743750597
1.00720531118
1.00697639682
1.0067478505
1.0065182118
1.0062862002
1.00604947147
1.00580547798
1.00555076935
1.00528170996
1.00499552404
1.00469069284
1.00436586513
1.00401852499
1.00364040161
1.00321087371
1.00268646024
1.0019619255
1.00852013351
1.00829603107
1.00803908913
1.00778065093
1.00753161668
1.00729610676
1.00706896866
1.00684641316
1.00662642249
1.00640661707
1.00618515408
1.00596081832
1.00573147107
1.0054945914
1.00524743666
1.00498710313
1.00471093313
1.00441701135
1.00410377646
1.00377008758
1.0034101564
1.0030047314
1.00251266035
1.00183073986
1.00805398012
1.0078473754
1.00761087309
1.007361727
1.00712039461
1.00689598164
1.00668015619
1.00646806799
1.00625777888
1.00604761709
1.00583564288
1.0056204011
1.00539994055
1.0051719709
1.00493418254
1.00468427943
1.0044199853
1.00413900391
1.0038390542
1.00351922715
1.00317586253
1.00279361648
1.00233385497
1.00169272126
1.00756793872
1.00737402588
1.00715380174
1.00691886419
1.0066900368
1.00647721649
1.00627236627
1.00607112135
1.0058714907
1.00567184916
1.00547033173
1.00526539969
1.00505519761
1.00483769795
1.0046107948
1.004372465
1.00412075499
1.00385383353
1.00356993736
1.00326704999
1.00294181898
1.00258244567
1.00215230437
1.00154721969
1.0070638833
1.00687753903
1.006667954
1.00645094281
1.00623932012
1.00603924637
1.00584585385
1.00565604147
1.00546787883
1.0052796176
1.00508952448
1.00489603104
1.00469741666
1.00449185151
1.00427744813
1.00405230186
1.00381413409
1.0035610009
1.00329340329
1.00301036598
1.00270768272
1.00237319855
1.00197053911
1.00140013545
1.00653820856
1.00635878961
1.00615952403
1.00596022295
1.00576640088
1.00558038749
1.00539975352
1.00522242229
1.00504668005
1.00487081392
1.00469316311
1.00451225288
1.00432649434
1.00413428604
1.0039340643
1.00372419859
1.00350232315
1.0032651295
1.00301257686
1.00274721011
1.00246751709
1.00216063352
1.00178896296
1.00125648042
1.00598766477
1.00581711708
1.00563067714
1.00544813786
1.00527124499
1.00510017991
1.00493353452
1.00476980636
1.00460751743
1.00444505765
1.004280927
1.00411373329
1.0039420266
1.00376438393
1.00357948247
1.00338603431
1.00318217241
1.00296409037
1.00272921598
1.00248134056
1.00222287179
1.0019429217
1.00160512402
1.00111550088
1.00541094363
1.0052515529
1.00508038722
1.00491445634
1.00475409122
1.00459860997
1.00444691998
1.00429780377
1.00414997243
1.00400195585
1.00385241615
1.00370006854
1.00354355325
1.00338153457
1.0032128297
1.00303622565
1.00285018379
1.00265216606
1.00243947149
1.00221374193
1.00197775572
1.00172406176
1.00142100219
1.00097614056
1.00480716541
1.00466095097
1.00450689243
1.00435809562
1.00421451945
1.00407525393
1.00393934607
1.00380574757
1.00367332494
1.00354076491
1.00340689154
1.00327050056
1.00313031537
1.00298509599
1.00283372947
1.00267510271
1.00250780816
1.00233092314
1.00214249684
1.00194215937
1.00173106148
1.00150491687
1.00123762637
1.00083602748
1.00417447715
1.00404368264
1.00390839168
1.00377764819
1.00365151718
1.00352917796
1.00340984818
1.00329264509
1.00317657837
1.00306049381
1.00294337035
1.00282406183
1.00270135877
1.00257418189
1.00244155402
1.00230270131
1.00215651928
1.00200259744
1.00183934868
1.00166512488
1.0014806084
1.00128365548
1.00105295287
1.00069006101
1.00350994958
1.00339762235
1.00328299442
1.00317147903
1.0030636609
1.00295903576
1.0028571069
1.00275718288
1.00265842379
1.00255983293
1.00246055799
1.00235951331
1.00225555135
1.00214759158
1.0020348278
1.00191698916
1.00179462902
1.00166684569
1.00153012234
1.00138297068
1.0012266031
1.00106017443
1.00086421776
1.0005322893
1.00280888791
1.00272023725
1.00262861204
1.00253764325
1.00244908148
1.00236302013
1.00227937237
1.00219766278
1.00211721212
1.00203722425
1.00195697964
1.00187546975
1.0017915374
1.00170399497
1.00161172559
1.00151437807
1.00141826995
1.00132220341
1.00121528379
1.0010965446
1.00096954255
1.0008344052
1.00067129235
1.0003686028
1.00206631144
1.00200875384
1.00194278856
1.00187365305
1.00180532217
1.00173874574
1.00167437426
1.00161194532
1.00155092545
1.00149070861
1.00143078032
1.00137020416
1.00130787426
1.0012425427
1.00117257277
1.0010955087
1.00102623349
1.00096554706
1.00089174005
1.000803514
1.00070787548
1.00060567617
1.00048107278
1.00017270814
1.00127640321
1.00126081076
1.00122254882
1.00117598268
1.00112884837
1.00108292781
1.00103916786
1.00099736911
1.00095711828
1.00091800504
1.00087977746
1.00084169356
1.00080280233
1.00076204893
1.00071814118
1.0006670366
1.00062392962
1.00059272894
1.000551234
1.00049719048
1.00043678546
1.00037479625
1.00029568719
1.00011135062
1.00044779029
1.00047637449
1.00046386337
1.00044013932
1.00041606989
1.00039307092
1.00037220809
1.00035311051
1.00033546147
1.00031913399
1.00030420521
1.00029021612
1.0002765183
1.00026251655
1.00024763913
1.00023020476
1.00021539516
1.00020558731
1.00019293336
1.00017534899
1.00015525415
1.00013494525
1.00010855225
1.00004561293
1.01205737869
1.01173101738
1.01137696622
1.01104710739
1.01073427085
1.01043845302
1.01015830736
1.00989184851
1.00963690688
1.00939110956
1.00915170167
1.00891550742
1.00867940427
1.00844099428
1.00819761615
1.00794437766
1.00767375976
1.0073763242
1.00704115656
1.00665630658
1.00621083921
1.00569857737
1.00511793356
1.00446262247
1.01201313195
1.01168787979
1.01133663275
1.01100280461
1.01068781161
1.01039050322
1.01010896386
1.0098410826
1.00958458537
1.00933679018
1.00909466793
1.00885536147
1.00861621733
1.00837428693
1.0081257435
1.00786512768
1.00758513409
1.00727627691
1.00692707709
1.00652533472
1.00606028348
1.0055242718
1.00490852118
1.00419020228
1.01193206631
1.011612926
1.01125629067
1.01091859616
1.01060068559
1.01030073332
1.01001654759
1.0097458771
1.00948660611
1.00923608488
1.00899005794
1.00874414304
1.00849678783
1.00824749216
1.00799114764
1.0077188289
1.00742169155
1.00709147649
1.00671851621
1.00629188178
1.00580189864
1.0052384822
1.00457994237
1.00376958093
1.01178401987
1.01146389865
1.01110393354
1.01076348105
1.01044321615
1.01014105411
1.00985462643
1.00958135083
1.0093187675
1.0090646884
1.00881587138
1.0085669484
1.00831310673
1.00805288413
1.00778367064
1.00749863961
1.00718782374
1.00684099089
1.00644947172
1.00600491867
1.00549599464
1.00489966677
1.004163768
1.00317444381
1.01178390921
1.01146376033
1.0111037887
1.010763351
1.01044313883
1.01014103648
1.00985465321
1.00958140606
1.0093185129
1.00906325505
1.00881338081
1.00856588757
1.00831506171
1.00805534397
1.00778403074
1.00749717146
1.00718648359
1.00684105021
1.00645052389
1.00600594538
1.00549656804
1.00489988037
1.00416375642
1.00317416068
1.01193198655
1.01161282825
1.01125619015
1.01091851428
1.01060062612
1.01030066991
1.01001645471
1.00974564648
1.00948592859
1.00923501097
1.00898983896
1.00874594527
1.00849897759
1.00824710611
1.00798843804
1.00771651751
1.00742142266
1.00709278346
1.00672005642
1.0062927919
1.00580219666
1.00523850776
1.00457989723
1.00376940507
1.01201309384
1.01168782785
1.01133656453
1.01100273649
1.01068774075
1.01039043083
1.01010889295
1.00984100454
1.00958454777
1.00933698192
1.00909512645
1.0088555789
1.00861568281
1.00837342217
1.00812534889
1.00786547417
1.00758577116
1.00727669449
1.00692718695
1.00652529677
1.00606023822
1.00552424889
1.00490849517
1.00419009343
1.01205735361
1.01173098899
1.01137693502
1.01104708356
1.0107342584
1.01043845407
1.01015831664
1.00989185926
1.00963691454
1.00939110164
1.00915164732
1.00891540384
1.00867930765
1.00844097569
1.00819767952
1.0079444553
1.00767379753
1.00737632631
1.00704115172
1.00665631207
1.00621085218
1.0056985816
1.00511791126
1.00446255721
1.00044785151
1.00047642419
1.00046389782
1.00044015314
1.00041605903
1.00039303443
1.00037214821
1.00035303274
1.00033537375
1.0003190454
1.00030412475
1.00029015118
1.00027647343
1.00026249282
1.00024763426
1.00023021336
1.00021541083
1.00020560336
1.00019294549
1.00017535695
1.00015525823
1.00013494492
1.00010855065
1.00004562008
1.00127639926
1.00126079825
1.00122252654
1.00117594862
1.00112880186
1.00108287001
1.00103910183
1.00099729939
1.00095705074
1.00091794569
1.00087973236
1.00084166773
1.00080279897
1.00076206866
1.00071818243
1.00066709393
1.00062399775
1.00059280308
1.00055131124
1.00049727224
1.00043687402
1.00037489459
1.00029578654
1.00011139448
1.00206623597
1.00200867587
1.00194270773
1.00187357005
1.00180523831
1.00173866367
1.00167429769
1.00161187799
1.00155087285
1.00149067523
1.00143076997
1.0013702194
1.00130791598
1.00124261012
1.00117266279
1.00109561759
1.00102635701
1.00096568064
1.0008918834
1.00080367094
1.00070804711
1.00060586856
1.00048128814
1.00017297094
1.0028087416
1.00272009424
1.00262847444
1.0025375136
1.00244896259
1.00236291543
1.00227928564
1.00219759812
1.00211717278
1.00203721309
1.00195699901
1.00187552022
1.00179161853
1.00170410463
1.00161185998
1.00151453441
1.00141844496
1.00132239579
1.00121549449
1.00109677645
1.00096980178
1.00083468358
1.00067158909
1.00036890353
1.00350973701
1.00339741829
1.00328280356
1.0031713055
1.00306350897
1.00295890917
1.00285700946
1.002757118
1.00265839415
1.00255984039
1.00246060267
1.0023595943
1.00225566717
1.00214773972
1.00203500465
1.00191719171
1.00179485625
1.00166709762
1.00153040271
1.00138328233
1.00122694806
1.00106054471
1.00086458853
1.00053261302
1.00417420486
1.0040434228
1.00390815252
1.00377743518
1.00365133505
1.00352903123
1.00340974065
1.00329257954
1.00317655711
1.00306051737
1.00294343771
1.00282417028
1.00270150694
1.00257436609
1.0024417709
1.0023029484
1.00215679634
1.00200290716
1.00183969473
1.00166551174
1.00148103238
1.0012841041
1.00105341175
1.00069044623
1.00480683988
1.00466064124
1.00450661026
1.0043578472
1.00421431061
1.00407508932
1.00393922946
1.00380568061
1.0036733108
1.00354080299
1.00340697958
1.0032706354
1.00313049353
1.00298531355
1.00283398299
1.00267539038
1.00250813175
1.00233128795
1.00214290439
1.00194261154
1.00173155166
1.00150542762
1.00123814118
1.00083647935
1.00541057156
1.00525119945
1.00508006771
1.00491417764
1.00475385968
1.00459843039
1.00444679607
1.00429773826
1.00414996652
1.00400200867
1.00385252424
1.0037002274
1.00354375892
1.00338178276
1.00321311694
1.00303654977
1.00285054427
1.00265256889
1.00243992281
1.00221424452
1.00197829929
1.00172461828
1.00142154774
1.00097659995
1.00598725237
1.00581672526
1.00563032508
1.00544783293
1.0052709936
1.00509998725
1.00493340412
1.00476974121
1.00460751906
1.00444512569
1.00428105545
1.00411391392
1.00394225659
1.00376465976
1.00357979724
1.0033863885
1.00318256595
1.00296452762
1.00272970176
1.00248187627
1.00222344362
1.001943507
1.0016056948
1.00111598539
1.00653776234
1.00635836522
1.00615914428
1.00595989663
1.00576613266
1.00558018382
1.00539961748
1.0052223573
1.00504668451
1.00487088792
1.00469330003
1.00451244726
1.00432674293
1.00413458532
1.00393440617
1.00372458374
1.00350275312
1.00326559607
1.00301308861
1.00274776412
1.00246809907
1.00216122509
1.00178953156
1.00125695335
1.0070634099
1.00687708736
1.00666754868
1.00645059874
1.00623903918
1.00603903309
1.00584571216
1.00565597509
1.0054678849
1.00527970446
1.00508967253
1.00489624028
1.00469768179
1.00449216788
1.00427780797
1.00405270121
1.00381457369
1.0035614883
1.00329393337
1.00301092932
1.0027082666
1.00237379385
1.00197109513
1.00140057854
1.00756744701
1.00737355393
1.00715337238
1.00691850178
1.00668974504
1.0064769946
1.00627221843
1.00607105859
1.00587150078
1.00567194124
1.00547048657
1.00526561828
1.00505547438
1.00483802604
1.00461117358
1.0043728775
1.00412120421
1.00385432172
1.00357046289
1.00326761309
1.00294239587
1.00258302667
1.00215283256
1.00154761966
1.00805348334
1.00784689589
1.00761042667
1.00736135222
1.00712009363
1.00689574987
1.00667999737
1.00646799531
1.00625779089
1.00604770208
1.00583579841
1.00562062458
1.00540022274
1.00517231862
1.00493456296
1.00468469732
1.00442044935
1.00413949454
1.00383956729
1.00351976392
1.003176408
1.00279417136
1.00233434874
1.0016930282
1.0085196342
1.00829554531
1.00803864743
1.00778027327
1.00753130788
1.00729587331
1.00706880662
1.00684632856
1.00662642146
1.00640669877
1.00618531178
1.00596104863
1.00573174667
1.00549492533
1.00524781455
1.00498752189
1.00471138985
1.00441748083
1.00410426483
1.00377059294
1.00341065604
1.00300522966
1.00251308389
1.00183094696
1.00895997077
1.00871961038
1.00844525998
1.0081780111
1.0079212034
1.00767519146
1.00743734885
1.00720523454
1.0069763991
1.00674792193
1.00651836538
1.00628642215
1.00604975679
1.00580579933
1.00555113652
1.00528211202
1.00499595089
1.00469115791
1.00436632336
1.00401896496
1.00364084513
1.00321129816
1.00268682557
1.00196210792
1.00937294028
1.00911969197
1.00883169142
1.0085538996
1.00828754372
1.00803192956
1.00778496224
1.00754419918
1.00730696777
1.00707093392
1.00683463395
1.00659620868
1.00635361778
1.0061046086
1.00584464748
1.00556835941
1.00527312291
1.0049585244
1.00462289965
1.00426157733
1.00386538619
1.00341173879
1.00285551322
1.0020891807
1.00975942739
1.00949504193
1.0091947062
1.00890611223
1.00862993696
1.00836567436
1.00811107067
1.00786269029
1.0076181184
1.00737579723
1.00713385388
1.0068902836
1.00664373944
1.00639164689
1.00612711419
1.0058434762
1.00553958408
1.00521597596
1.00487046336
1.00449690098
1.00408341262
1.00360691837
1.00301939743
1.0022144145
1.01011879609
1.00984417561
1.0095326099
1.00923374157
1.00894838726
1.00867631992
1.00841505714
1.0081600148
1.00790923333
1.00766191421
1.0074159592
1.00716922811
1.00692028118
1.00666496848
1.00639457831
1.00610351893
1.00579266567
1.00546226959
1.00510835125
1.0047231577
1.00429349608
1.00379419007
1.00317622378
1.00233630302
1.01045025216
1.01016597716
1.00984405081
1.00953606497
1.00924272549
1.00896359351
1.00869587734
1.00843494327
1.00817909124
1.00792799581
1.0076795213
1.00743110024
1.00718021005
1.00692058339
1.00664400508
1.00634766804
1.00603267792
1.00569706261
1.00533553297
1.00493904582
1.00449247602
1.00397031271
1.00332085303
1.00244630471
1.01075292452
1.01045976092
1.01012838817
1.00981219602
1.00951185101
1.00922615038
1.0089522094
1.00868646172
1.00842701465
1.00817298178
1.00792217241
1.007672477
1.00742037447
1.00715755957
1.00687642115
1.00657649505
1.00625861209
1.00591871753
1.00554937657
1.00514038739
1.00467639114
1.00412923248
1.00344696436
1.00253677964
1.01102558244
1.01072444471
1.01038454536
1.01006093965
1.00975425019
1.0094626178
1.00918349662
1.00891422231
1.00865250498
1.00839636643
1.00814377547
1.00789295629
1.00763941231
1.00737371494
1.00708985691
1.00678821568
1.00646835263
1.00612419776
1.00574643483
1.00532312873
1.00483833529
1.00426329751
1.00354464109
1.00259457389
1.01126557225
1.0109576958
1.01061038392
1.01028026474
1.0099680358
1.00967171312
1.00938890109
1.0091170387
1.00885361971
1.00859634447
1.00834302862
1.00809087165
1.00783454301
1.00756663189
1.00728281857
1.00698215448
1.00666144452
1.00631257582
1.00592400376
1.00548283246
1.00497339503
1.0043656676
1.00360394444
1.00260828729
1.01146686224
1.01115385032
1.01080059412
1.01046535084
1.01014894486
1.00984927079
1.00956396484
1.0092904539
1.00902617625
1.00876853311
1.0085146842
1.00826131348
1.00800401887
1.00773740462
1.00745679443
1.00715838413
1.00683680824
1.00648236337
1.00608248665
1.00562347697
1.00508753137
1.00444234832
1.00362763023
1.00256842479
1.01162545537
1.01130818075
1.01095023865
1.01061108865
1.01029160292
1.00998966495
1.00970285665
1.00942864946
1.00916436699
1.00890712142
1.00865409616
1.00840266966
1.00814905504
1.00788743313
1.00761198325
1.00731787417
1.00699864626
1.00664387432
1.00624030307
1.00577310481
1.00521986401
1.00453781465
1.00364959664
1.00247999498
)
;

boundaryField
{
    frontAndBack
    {
        type            empty;
    }
    top
    {
        type            inletOutlet;
        inletValue      uniform 0;
        value           nonuniform List<scalar> 
56
(
5.5568059278e-39
2.25232089433e-39
2.3639699163e-40
1.33533566469e-41
4.83662409777e-43
1.18228343852e-44
1.95742904622e-46
2.11644280649e-48
1.35454257727e-50
0
0
0
0
0
0
0
0
0
0
0
0
0
0
0
2.67090799402e-42
8.26139882902e-41
8.05823708035e-40
3.90493400958e-39
3.8078808061e-39
7.88290664808e-40
8.07651988596e-41
2.60108779067e-42
0
0
0
0
0
0
0
0
0
0
0
0
0
0
0
1.25880775345e-50
1.98424903595e-48
1.84582355613e-46
1.12065097636e-44
4.60465166533e-43
1.27553617537e-41
2.26198055409e-40
2.15808538802e-39
5.37002819713e-39
)
;
    }
    inlet
    {
        type            zeroGradient;
    }
    outlet
    {
        type            zeroGradient;
    }
    floatingObject
    {
        type            zeroGradient;
    }
    bottom
    {
        type            zeroGradient;
    }
}


// ************************************************************************* //
