/*--------------------------------*- C++ -*----------------------------------*\
| =========                 |                                                 |
| \\      /  F ield         | foam-extend: Open Source CFD                    |
|  \\    /   O peration     | Version:     3.2                                |
|   \\  /    A nd           | Web:         http://www.foam-extend.org         |
|    \\/     M anipulation  | For copyright notice see file Copyright         |
\*---------------------------------------------------------------------------*/
FoamFile
{
    version     2.0;
    format      ascii;
    class       volScalarField;
    location    "1";
    object      epsilon;
}
// * * * * * * * * * * * * * * * * * * * * * * * * * * * * * * * * * * * * * //

dimensions      [0 2 -3 0 0 0 0];

internalField   nonuniform List<scalar> 
3200
(
0.029036111492
0.0288942508531
0.028633552313
0.0282899849867
0.0279021379881
0.0275043274102
0.0271239414908
0.0267815190338
0.0264918789731
0.0262653363607
0.0261086909876
0.026026012959
0.0260193247201
0.0260893099592
0.0262362715094
0.0264616740004
0.0267710014221
0.0271793042355
0.0277210092804
0.0284643663093
0.0295253735964
0.0310648471832
0.0332621141783
0.0362640754125
0.0297973341742
0.0296005409338
0.029246172076
0.0287920589686
0.0282950799737
0.0278005619535
0.0273402315651
0.026934587232
0.0265962293814
0.026332563467
0.0261475989966
0.026043099638
0.0260193870536
0.0260760256964
0.0262126085604
0.0264298887875
0.0267316747371
0.0271283476841
0.027643042752
0.0283203485266
0.0292339217621
0.0304835593519
0.0321685535274
0.0343276933625
0.0309629783538
0.0306721192764
0.0301609412166
0.0295272007606
0.0288585486252
0.0282167446702
0.0276383594855
0.0271420054422
0.0267355854543
0.0264213078916
0.0261985540295
0.0260653833973
0.0260193579704
0.0260580724263
0.0261796342222
0.0263832922286
0.0266703648249
0.0270459349579
0.0275219957281
0.0281219481782
0.0288843941294
0.0298607358915
0.0310977937227
0.0325944226562
0.0327137852626
0.0322629593606
0.0314930309367
0.0305736160394
0.0296420449608
0.0287825928257
0.0280353725411
0.0274130786861
0.0269146834952
0.0265337149418
0.0262623317401
0.0260930299004
0.0260192827864
0.0260357379848
0.0261382609471
0.0263240251635
0.0265916100495
0.026941344713
0.027376391796
0.0279048997148
0.0285424262507
0.0293115506377
0.0302334518439
0.0312967994763
0.0352906148185
0.0345681782498
0.0333778130852
0.0320159429059
0.0306950518576
0.0295258033762
0.0285462644598
0.0277556128201
0.0271373173955
0.0266713751809
0.0263393693908
0.0261259588678
0.0260189726998
0.0260090258253
0.0260889886574
0.0262534818167
0.0264983192893
0.0268199240775
0.0272152392978
0.0276827805165
0.0282250276371
0.0288502739771
0.0295698932596
0.0303721049268
0.0390061946923
0.0378165029537
0.0359520261783
0.0339261068416
0.0320523736363
0.0304622072589
0.0291777165451
0.0281719657999
0.0274038053555
0.026833657505
0.0264286456881
0.0261630939218
0.0260175367135
0.0259774233463
0.0260318738595
0.0261725291347
0.0263924114288
0.0266847713291
0.0270423733529
0.0274581332586
0.0279278799877
0.0284537729993
0.0290447442767
0.0296925201523
0.0442855741174
0.0422555296697
0.0393179377292
0.0363321827165
0.0337137614292
0.0315840122135
0.029921667237
0.0286555625127
0.0277090634541
0.0270166070347
0.0265270234688
0.0262019357727
0.0260130515078
0.0259396098973
0.0259662681908
0.0260812881863
0.026274848884
0.0265375062229
0.0268591686671
0.0272296249242
0.0276417972697
0.0280952955746
0.0285993152809
0.029150900255
0.0518301768982
0.0481350685573
0.0434860636614
0.0391770158854
0.0356217175359
0.0328491658943
0.0307503688285
0.0291885418759
0.0280413866386
0.0272122364609
0.0266287986903
0.0262382584851
0.0260023344232
0.0258932527889
0.0258906371558
0.0259790341094
0.026145728348
0.0263789076167
0.0266663941613
0.0269959557818
0.0273593428173
0.0277569964881
0.0281981642702
0.028684185431
0.0631561059938
0.0556362488266
0.0482767739964
0.0422740021832
0.0376476670712
0.0341783907854
0.0316162671009
0.029742050607
0.0283826433239
0.027408590003
0.026725667402
0.026266022986
0.0259808514273
0.0258349186477
0.025802479581
0.0258641594786
0.026004336465
0.0262086834803
0.0264634845463
0.0267561001843
0.0270783351343
0.0274311768023
0.0278244796549
0.0282634488306
0.0820138270578
0.0642568666169
0.0530980529422
0.0452739486708
0.0396017682384
0.0354671499179
0.0324595674677
0.0302802749366
0.0287102820838
0.0275907107275
0.0268071883529
0.026277584581
0.0259427957394
0.0257601026051
0.0256983243799
0.0257340728702
0.025848590208
0.0260256572655
0.0262505303578
0.0265105640586
0.0267985227869
0.0271154728733
0.0274721061488
0.0278766082504
0.087114299968
0.0691198345953
0.056620725344
0.0477223705085
0.0412890493062
0.0366156694549
0.0332227988252
0.0307674255428
0.0290007223934
0.0277423148765
0.0268616386932
0.0262641592405
0.0258813389951
0.0256633677224
0.0255737913314
0.0255851366004
0.0256758987132
0.025828220454
0.0260267341544
0.0262594472932
0.0265195549684
0.0268089522286
0.0271388288427
0.027519132757
0.0887641190471
0.0716232085074
0.0589039462105
0.049528724161
0.0426307161109
0.037567441079
0.0338658341862
0.0311745744138
0.0292327969612
0.0278476583943
0.0268770700355
0.0262164308801
0.0257891186778
0.0255387745517
0.0254238055145
0.0254131167973
0.0254827777114
0.0256136485737
0.0257903038598
0.0260009144174
0.0262397767055
0.026509882947
0.0268226493315
0.027188439387
0.0894332564483
0.0729713529493
0.0603589308354
0.0508119698211
0.0436470609553
0.0383116439163
0.0343698933498
0.0314827992155
0.0293899167333
0.0278929515259
0.0268423041574
0.0261255626668
0.0256588880463
0.025380040207
0.0252429196833
0.0252132114506
0.0252650793118
0.02537850189
0.0255376589313
0.0257315413503
0.025955845149
0.0262148713705
0.026520202694
0.026881448251
0.0897880224995
0.07378736051
0.0613304121269
0.0517283292512
0.0444002762937
0.03886626368
0.0347331339342
0.0316826533379
0.0294607306314
0.027867576162
0.0267481884738
0.0259836259835
0.0254837975011
0.0251812223307
0.025025800554
0.0249806871377
0.0250184099583
0.0251180853521
0.0252641606653
0.0254466768317
0.0256629420729
0.0259188459923
0.0262263663437
0.0265936694607
0.0900378045774
0.0743729177347
0.0620476448647
0.0524148103425
0.0449596958206
0.039260530545
0.0349636921388
0.0317720146409
0.0294390029443
0.0277641651433
0.0265876490578
0.0257844109877
0.0252584891913
0.0249375735289
0.0247682752768
0.0247113923035
0.0247382044829
0.0248276756163
0.0249648786614
0.0251411309349
0.0253554985158
0.0256157177858
0.0259346506032
0.0263190308473
0.0902690106753
0.0748948153196
0.0626685028352
0.0529847485736
0.0453933329751
0.039529071937
0.0350754908614
0.0317538436845
0.0293227361692
0.0275790887354
0.0263570411094
0.0255248102709
0.0249804082409
0.0246470857548
0.0244681645111
0.0244026574339
0.0244213449327
0.0245036244999
0.0246356829632
0.0248103881509
0.0250286063006
0.0252999653558
0.0256387011577
0.0260508099052
0.0905444452914
0.075489575965
0.0633345381491
0.0535472639025
0.0457709459121
0.0397104395067
0.0350872708056
0.0316362320375
0.0291152665058
0.0273141604487
0.0260581009236
0.0252069416759
0.0246521724563
0.0243121604167
0.0241273752063
0.024055704771
0.0240681332329
0.0241452637933
0.0242751238512
0.0244526123262
0.024680396538
0.0249695849287
0.0253356862103
0.0257849042435
0.0909556065391
0.0763453201926
0.0642296865192
0.054236494456
0.0461752271472
0.039850989413
0.0350246602448
0.0314349093201
0.0288285232173
0.026980392107
0.0257019812747
0.0248423802865
0.0242851771907
0.0239437353836
0.023756043247
0.023679461144
0.0236859881001
0.0237584357702
0.0238878077017
0.0240720452636
0.0243159188929
0.0246310913259
0.0250327128724
0.0255268525704
0.0917051095012
0.0778264091934
0.0656659670999
0.0552538796164
0.0467202187115
0.040014763194
0.0349285069384
0.0311819281131
0.0284921092258
0.0266071567795
0.0253182866512
0.024460490867
0.0239081726439
0.0235695549408
0.0233804423397
0.0232982711916
0.0232969137626
0.023362613956
0.0234910739045
0.0236853575763
0.0239538116983
0.0243078766994
0.0247583414122
0.0253063977225
0.0933594574438
0.080770961119
0.0682494802303
0.0569392183905
0.0475852098155
0.0403088123304
0.0348797640748
0.0309506649055
0.0281775367122
0.0262651161832
0.024976460561
0.0241289506217
0.0235867774118
0.0232528619949
0.0230611076946
0.0229695032834
0.0229545340014
0.0230071822741
0.0231302486725
0.0233357561405
0.0236398804398
0.024055542362
0.0245833934116
0.0252067347244
0.0978671293891
0.0873581401123
0.0732547461975
0.0599167800405
0.0491035750216
0.0409652542404
0.0350800218034
0.0309319375149
0.0280683294346
0.0261305041658
0.0248452718815
0.0240095833166
0.0234764813666
0.0231433518818
0.0229421380589
0.0228313639577
0.0227903286996
0.0228156961131
0.0229202456028
0.0231315382087
0.0234834886142
0.0239992578147
0.024665434704
0.0254245895197
0.113958156259
0.104118705053
0.0836158733107
0.0655419931609
0.0521261462921
0.0426824955822
0.0361630265997
0.0317123165156
0.028708889385
0.0267107141192
0.0254012387472
0.024553981785
0.0240089252429
0.0236562589033
0.0234243343273
0.023270591014
0.023175749854
0.0231417054583
0.0231939976768
0.0233853476449
0.0237875232794
0.0244592843315
0.0253809381109
0.0264289278273
0.204811270703
0.155327370853
0.107915230172
0.0785932608689
0.0603671563895
0.0486509594317
0.0409326894184
0.0357847616285
0.0323449237729
0.0300601228445
0.0285534676396
0.0275616106334
0.0268997168945
0.0264400821029
0.0260980767367
0.0258221316132
0.0255873971907
0.0253957407696
0.0252856867052
0.0253519299402
0.0257554098636
0.0266635028119
0.0280784720289
0.0297670502881
1.47972367516
0.374947058754
0.209467591513
0.1471365026
0.112401694008
0.0906401980002
0.0762707993798
0.0665004421485
0.059755025916
0.0550753388063
0.0518110234801
0.0495067931544
0.0478267644959
0.046521762821
0.0454117219067
0.0443745183184
0.0433345048694
0.0422625005722
0.0411921878173
0.0402931458816
0.0400234422028
0.0410594466116
0.0436954292897
0.0474569010839
0.028003620067
0.0279348649992
0.0278027298632
0.0276177142088
0.0273939155914
0.0271473704718
0.0268945194234
0.0266510249306
0.0264309290028
0.0262461497834
0.0261062152466
0.0260181892485
0.0259867254803
0.0260142205059
0.026101078579
0.0262461757485
0.0264479100013
0.0267065768822
0.0270291756352
0.0274386055355
0.0279896782326
0.0287932689837
0.030046131542
0.0320534872712
0.0280822280047
0.0280090196954
0.0278682458721
0.0276718228102
0.0274354524224
0.0271766210139
0.0269128808396
0.0266606229084
0.0264342841919
0.0262459178711
0.0261050090117
0.0260184731794
0.0259907821441
0.0260241922113
0.026119113104
0.0262747349987
0.0264903823429
0.0267684851315
0.0271204767673
0.027577962336
0.0282120892027
0.0291632922522
0.0306790032607
0.0331422562334
0.0282552763772
0.0281712170049
0.0280101899313
0.0277876580734
0.027523138294
0.0272373767458
0.02695026505
0.0266795970398
0.0264404527256
0.0262449836133
0.0261024285868
0.0260192805712
0.025999557468
0.0260451790054
0.0261565323788
0.0263334354331
0.0265771007418
0.0268942510089
0.0273051201789
0.0278579879709
0.0286525099934
0.0298702303952
0.0317948368868
0.0348205926502
0.0285544298762
0.028448485165
0.0282488745137
0.0279784699036
0.0276641598241
0.0273324187744
0.027006761378
0.0267067631236
0.0264479706663
0.0262421876357
0.0260978771252
0.0260206111592
0.0260135602924
0.0260780843337
0.0262145976216
0.0264240542333
0.0267108583876
0.0270886507885
0.0275907965365
0.0282870114254
0.0293034553994
0.030833510484
0.033122439408
0.0364504515777
0.0285683349243
0.0284614991557
0.028260351954
0.0279880646102
0.0276718061273
0.0273382626708
0.0270110864275
0.0267098999722
0.0264502284098
0.0262438163087
0.0260990528874
0.0260214481769
0.0260141324467
0.0260784403792
0.0262147708789
0.0264240822041
0.0267107838137
0.0270885246561
0.0275906781371
0.0282869572449
0.0293035167771
0.0308337391029
0.0331228946261
0.0364512233305
0.028263402488
0.0281788727085
0.0280170312003
0.0277934912291
0.0275279094645
0.0272411343411
0.0269531361423
0.0266817473554
0.0264420515786
0.0262461757229
0.026103320283
0.0260199427186
0.0260000363542
0.0260455056311
0.0261567272884
0.0263335238183
0.0265771139768
0.0268942277127
0.0273051078301
0.0278580346937
0.0286526630485
0.0298705211965
0.0317952567748
0.0348211708942
0.0280864128546
0.0280129683262
0.0278718003848
0.0276748950253
0.0274380143032
0.0271786851893
0.0269144965362
0.0266618627437
0.0264352288725
0.0262466393826
0.0261055624801
0.0260188962703
0.0259910997219
0.0260244207283
0.0261192638453
0.0262748216686
0.0264904238869
0.026768505067
0.0271205061111
0.0275780373865
0.0282122551195
0.0291635946521
0.030679457034
0.0331428981055
0.0280049058974
0.0279360758656
0.0278038225361
0.0276186653252
0.0273947171951
0.0271480245872
0.0268950384028
0.0266514287637
0.0264312408661
0.0262463911087
0.0261064028443
0.0260183348824
0.0259868368638
0.0260143028041
0.0261011352776
0.0262462111543
0.02644793028
0.0267065900042
0.0270291921257
0.0274386394734
0.0279897483277
0.028793398367
0.0300463495414
0.0320538380989
1.47973970735
0.375347847985
0.210088071271
0.147585546023
0.112627730438
0.090726451881
0.076291938033
0.066496925548
0.0597449366111
0.0550658026798
0.0518045329244
0.0495040361895
0.047827221003
0.0465246502295
0.0454163537967
0.0443804828255
0.0433415863444
0.0422706387771
0.0412014811812
0.0403036348166
0.0400350860978
0.0410716821601
0.0437068965844
0.0474663315111
0.204815090979
0.155373789139
0.108001457912
0.0786633241263
0.0604007114581
0.0486568041548
0.0409249244011
0.0357730075226
0.0323339867947
0.0300518197474
0.0285481271795
0.0275589060867
0.0268990105811
0.026440759701
0.0260996907766
0.0258244219905
0.0255902309121
0.0253991141848
0.0252896602722
0.0253564380625
0.0257603198901
0.026668482443
0.0280829002189
0.0297704617147
0.113951279442
0.104098692718
0.0835956051056
0.0655250522314
0.0521108826542
0.0426674840077
0.03614850721
0.0316993473322
0.0286983686137
0.026702995147
0.0253961855791
0.0245511599282
0.0240077788705
0.0236562865417
0.0234251700964
0.0232720138804
0.0231776545839
0.0231440648311
0.0231968035659
0.0233885623601
0.0237910342091
0.0244628434436
0.0253842055738
0.0264316088709
0.0978556231977
0.0873249962379
0.0732130287194
0.0598789795109
0.0490743483872
0.0409435321373
0.0350634974555
0.030919133636
0.0280585887334
0.0261234699811
0.0248405825496
0.0240067967278
0.0234751315219
0.0231430307852
0.0229425475291
0.0228323193707
0.022791733751
0.0228175055163
0.0229224205462
0.0231341082303
0.0234863575709
0.0240021735118
0.0246681665011
0.0254269126505
0.0933477195716
0.0807395465807
0.0682095298966
0.0569019108797
0.0475558559387
0.0402873497194
0.0348641503723
0.030939110972
0.0281689889351
0.02625898057
0.0249723053542
0.0241263756256
0.0235854037982
0.0232523673302
0.0230612587668
0.0229701517891
0.0229555977323
0.0230086177092
0.0231320280757
0.0233378950487
0.0236422939837
0.0240580345536
0.0245857578226
0.025208776574
0.0916954198252
0.077801605721
0.0656346157635
0.0552241627243
0.0466963368582
0.0399970668869
0.0349156367774
0.0311724765598
0.0284851473736
0.0266021349677
0.0253148264914
0.0244582723293
0.0239069085846
0.0235690078002
0.0233804397342
0.0232987036574
0.0232977224333
0.0233637709821
0.0234925644687
0.0236871701533
0.0239558732392
0.0243100397731
0.0247604249019
0.0253082114294
0.0909487084391
0.0763281923511
0.0642082809278
0.0542161561774
0.0461587112663
0.0398385996136
0.0350155462696
0.0314281364867
0.0288234585975
0.0269766652926
0.0256993456754
0.0248406255461
0.0242841176175
0.0239432162099
0.0237559525929
0.0236797328374
0.0236865909103
0.0237593593383
0.0238890504655
0.0240735912999
0.0243177082911
0.0246330026877
0.0250345797189
0.0255285007277
0.0905403034794
0.075479715304
0.0633226041581
0.0535362292514
0.0457621767152
0.0397039257705
0.0350824222042
0.031632494057
0.0291123207015
0.0273118655789
0.0260563819639
0.025205726747
0.0246513805177
0.0243117213311
0.0241272398489
0.0240558504189
0.0240685593302
0.0241459824056
0.0242761467455
0.0244539316003
0.0246819633903
0.0249712935905
0.0253373862088
0.025786437741
0.090267374578
0.0748915597651
0.0626653308709
0.0529826295931
0.0453923217417
0.0395286802854
0.0350751948549
0.0317533672713
0.0293220576706
0.0275783171376
0.0263562982722
0.0255241780154
0.0249799236054
0.0246467608311
0.0244680130829
0.0244027012608
0.024421615137
0.0245041565221
0.0246365042957
0.0248115037015
0.0250299777006
0.0253014989466
0.0256402613558
0.0260522539423
0.0900385368187
0.0743760054008
0.0620530460283
0.0524216304989
0.0449666636328
0.0392665613173
0.0349682134932
0.0317749806781
0.0294406939987
0.0277649693512
0.0265879101014
0.0257843800144
0.0252583272198
0.0249373819075
0.024768126484
0.024711351939
0.0247383343128
0.0248280324247
0.0249655079261
0.025142050956
0.0253566819671
0.0256170825535
0.0259360744386
0.0263203853407
0.0897912504345
0.0737972023985
0.0613449822036
0.0517447418313
0.0444158214551
0.0388791821161
0.0347427754236
0.0316892236033
0.0294648540451
0.0278699698048
0.0267494495263
0.0259841913088
0.0254839574571
0.025181167792
0.0250256657372
0.0249805751149
0.0250184102493
0.0251182750583
0.0252646002859
0.0254473984929
0.02566392938
0.0259200285169
0.0262276399156
0.0265949162095
0.0894394502019
0.0729890846281
0.0603839786631
0.0508390972687
0.0436719921304
0.0383319245355
0.0343848968824
0.0314930585641
0.0293964760347
0.0278968887781
0.026844523528
0.0261266949891
0.0256593551045
0.0253801195416
0.0252428012953
0.0252130374563
0.0252649595996
0.0253785301192
0.0255379083946
0.0257320544077
0.0259566174888
0.0262158492757
0.0265212996976
0.0268825591987
0.0887742919904
0.0716507392733
0.0589412459371
0.0495677003683
0.0426655987969
0.0375953040929
0.0338861907667
0.0311884094034
0.0292416536474
0.0278530378649
0.0268801634396
0.0262180697716
0.0257898630568
0.0255389795922
0.0254237080889
0.0254128873947
0.0254825475791
0.0256135208103
0.0257903601267
0.0260012056336
0.0262403127168
0.0265106295129
0.0268235383896
0.0271893834485
0.0871308986476
0.0691601780541
0.0566719800799
0.0477738698509
0.0413338368232
0.0366507064947
0.0332480179187
0.0307843982165
0.0290115365522
0.0277488913409
0.026865453782
0.0262662284755
0.0258823186545
0.0256636837949
0.0255737167679
0.0255848614994
0.0256755653113
0.0258279402089
0.0260265937071
0.0262595047554
0.0265198343197
0.0268094402076
0.0271394798992
0.0275198795804
0.0820444833949
0.0643146159905
0.0531646888511
0.0453374618413
0.0396552103508
0.0355080345389
0.032488539373
0.0302995661842
0.0287224969081
0.027598128158
0.0268115109949
0.0262799614223
0.0259439577151
0.0257605089466
0.0256982710234
0.0257337609154
0.0258481651125
0.026025231759
0.02625019277
0.0265103798068
0.0267985302067
0.0271156817672
0.027472495371
0.0278771336658
0.0632296498349
0.0557175216694
0.0483581917164
0.0423469920335
0.0377070218336
0.0342228243979
0.0316472971227
0.0297625131071
0.0283955299639
0.0274164082814
0.0267302437741
0.0262685683579
0.0259821247722
0.0258353888451
0.0258024443678
0.025863819776
0.0260038331553
0.0262081255874
0.0264629586234
0.0267556763878
0.0270780671497
0.0274310978716
0.0278245964733
0.0282637428135
0.051928297365
0.0482321193137
0.0435763069967
0.0392543857814
0.0356829141703
0.0328941599252
0.0307814192092
0.0292088700223
0.0280541506271
0.0272199922558
0.026633368665
0.0262408325639
0.0260036494901
0.0258937591209
0.025890616988
0.0259786740016
0.0261451613891
0.0263782400674
0.0266657009183
0.0269953140492
0.0273588157145
0.0277566419492
0.0281980197681
0.0286842614348
0.0443915463981
0.0423565507237
0.0394084245309
0.0364076235709
0.0337722935114
0.0316264958897
0.0299507503899
0.0286745312206
0.0277209808694
0.0270238867954
0.0265313574736
0.026204415598
0.0260143470626
0.0259401280049
0.0259662620063
0.0260809231327
0.0262742420365
0.0265367504032
0.0268583429129
0.0272288103879
0.0276410556166
0.0280947090116
0.028598952749
0.0291508002977
0.0391064260088
0.0379106165078
0.0360347542592
0.0339939830058
0.0321044222744
0.0304996983182
0.029203287127
0.0281886505251
0.0274143401665
0.0268401568091
0.0264325734511
0.0261653861873
0.0260187653584
0.0259779355582
0.0260318843242
0.0261721767819
0.0263917955999
0.0266839733938
0.0270414678965
0.0274571971615
0.0279269947534
0.0284530352675
0.0290442503753
0.0296923410975
0.0353763667683
0.0346481556495
0.0334474686665
0.0320726244676
0.0307382668431
0.0295568475093
0.028567456329
0.027769511372
0.0271461805197
0.0266769264408
0.026342792141
0.0261280057499
0.0260201042852
0.0260095217215
0.0260890211491
0.0262531625048
0.0264977304356
0.0268191370936
0.0272143244608
0.0276818146745
0.0282241030905
0.0288495039449
0.0295693968209
0.0303719665035
0.032781364477
0.0323258008962
0.03154754366
0.0306178390246
0.0296757298431
0.0288068382936
0.0280520172345
0.0274241061795
0.0269218236492
0.0265382797149
0.0262652178262
0.0260948077418
0.0260203024069
0.0260362122776
0.0261383217486
0.0263237595959
0.0265910859873
0.0269406266425
0.0273755467899
0.0279040057384
0.0285415839968
0.0293108902804
0.030233112273
0.0312968715088
0.0310126118217
0.0307182271702
0.0302009075009
0.0295596500476
0.0288833481267
0.0282347128438
0.0276508260976
0.0271503921663
0.0267411285333
0.0264249432828
0.0262009226249
0.0260668932331
0.0260202601767
0.0260585218567
0.0261797277376
0.026383096911
0.0266699399648
0.0270453405963
0.0275212967636
0.0281212244495
0.0288837522803
0.0298603197919
0.0310977673777
0.0325948997677
0.0298315918871
0.0296323716603
0.0292738090854
0.0288145931182
0.0283124311599
0.0278132755257
0.0273491896779
0.0269407366858
0.026600397028
0.0263353793153
0.0261494961663
0.0260443536958
0.0260201697004
0.0260764441958
0.0262127321479
0.0264297719237
0.0267313714245
0.0271279156844
0.0276425474245
0.0283198695843
0.0292335625634
0.0304834670877
0.03216891742
0.034328674877
0.0290584673746
0.0289150482465
0.0286516812123
0.028304878139
0.0279137388495
0.0275129600751
0.0271301446379
0.0267858800842
0.0264949178071
0.0262674554818
0.0261101672908
0.0260270226553
0.0260199799674
0.0260896823796
0.0262364096823
0.0264616243686
0.0267708144617
0.0271790372179
0.0277207306583
0.028464149043
0.0295253016345
0.0310650370636
0.0332627320774
0.0362652903983
0.0522918471558
0.0587910471663
0.0693225078546
0.0830906529946
0.0315821732428
0.0336115818869
0.0358297397073
0.0373736144282
0.027509376638
0.0286555895031
0.0297087320441
0.0304366188609
0.0262400734214
0.0271560949185
0.0279113461266
0.0286901267827
0.0259008895286
0.0266805923843
0.0274313308264
0.0281129098731
0.0259142306868
0.0265793142966
0.0273155957864
0.0278079693983
0.0260608537216
0.0266360575659
0.0273012371263
0.0276169271136
0.0262564887171
0.0267634103194
0.0273349060624
0.0275175019004
0.0264726211841
0.0269263252028
0.0274030227578
0.0274915285212
0.026703370756
0.027113955331
0.0275014123956
0.027523977351
0.0269514149169
0.0273237713745
0.0276300082373
0.0276052619658
0.027221750602
0.0275583086104
0.0277905017969
0.0277285332205
0.0275185265594
0.0278193508367
0.0279840924433
0.0278906935475
0.0278448864487
0.02810817621
0.0282113889572
0.028090636622
0.0282037577296
0.0284271363509
0.0284746087775
0.0283289666011
0.0285988872885
0.0287804220124
0.0287791895914
0.0286091896949
0.0290373036321
0.0291761565208
0.0291362254657
0.0289394510234
0.0295344758496
0.0296302877243
0.0295658499015
0.029335748697
0.030126683457
0.03017522471
0.0301030490118
0.0298279080886
0.0308955320375
0.0308811346978
0.0308106146308
0.0304701874094
0.0319954648229
0.0318997600046
0.0318093254146
0.0313590094448
0.0336538860303
0.0335301571893
0.033354587958
0.0326596120231
0.0360641512441
0.036194178205
0.0359837270339
0.0346402291541
0.0391407389111
0.0399675544248
0.0403430364035
0.0377023818922
0.141960651879
0.136893986928
0.137593847595
0.150732463972
0.0634714003217
0.0643262436014
0.0650665708868
0.0644781452644
0.049155322816
0.0505361271037
0.0503468282044
0.0483666444086
0.0427412096154
0.0446080970035
0.0444923460032
0.0418775963737
0.0411572803782
0.04711345698
0.0605651951353
0.133643120912
0.0390360006628
0.0442269363775
0.0553120442152
0.112305918302
0.0366750246113
0.0410846465772
0.0500602872839
0.0920193003726
0.0349598326192
0.0387035576928
0.0459858779058
0.0776923869783
0.0349604530132
0.0387046619511
0.0459885026266
0.0776977844348
0.0366760840702
0.0410866958667
0.050065521812
0.0920269361533
0.0390369475763
0.0442291620718
0.0553186174979
0.112316696447
0.0411581911275
0.0471157554441
0.0605722713957
0.133668513221
0.0427430104946
0.0491575495653
0.0634811307669
0.142033829171
0.0446087837681
0.0505387928553
0.0643339752822
0.136950470991
0.0444981186862
0.0503530645677
0.0650732042277
0.137607259559
0.041882574432
0.0483726658078
0.0644850927271
0.150726061272
0.0377062732182
0.0403474134682
0.0399687614037
0.0391427696291
0.0346428917084
0.0359858457561
0.03619568165
0.0360655898576
0.0326615165652
0.0333558657603
0.0335311606285
0.033654721535
0.0313604697699
0.0318103197571
0.0319004959935
0.031995874953
0.0304714002198
0.0308114924904
0.0308817454252
0.0308957362381
0.0298289823696
0.0301038872858
0.0301757996314
0.0301268402208
0.0293367274868
0.0295666843484
0.0296308887664
0.0295346902245
0.0289403460941
0.0291370618748
0.0291768155688
0.0290376398241
0.0286100029575
0.028780016783
0.0287811494435
0.0285993872165
0.0283296977203
0.0284754101718
0.0284279306959
0.0282044286767
0.0280912872307
0.0282121537097
0.0281090262015
0.0278457143735
0.0278912664873
0.0279848165153
0.027820243263
0.0275194846604
0.0277290320788
0.0277911904684
0.0275592304481
0.0272228114237
0.0276056796975
0.0276306641483
0.0273247194382
0.0269525556823
0.0275243196734
0.0275020284546
0.0271149051365
0.026704565346
0.0274917839556
0.0274035806333
0.0269272586842
0.0264738494383
0.02751765241
0.0273353998927
0.0267643195062
0.0262577468624
0.027616983856
0.027301687367
0.0266369591701
0.0260621636746
0.0278079790198
0.0273160527533
0.0265802534585
0.0259156460994
0.0281129117372
0.0274318348436
0.0266816276813
0.0259024760736
0.0286900743857
0.0279118544537
0.0271572444222
0.0262418692826
0.0304361931441
0.0297089725449
0.0286567385695
0.0275113300706
0.0373720169018
0.0358290930711
0.0336124739206
0.031584351564
0.0830840003234
0.0693180043236
0.0587927705882
0.0522980383415
0.0508413908619
0.0526369267388
0.0628357029577
0.0820019446885
0.0298359160136
0.0316781521817
0.0339570797099
0.0368869379573
0.0266166977867
0.0278153717006
0.0293581636874
0.030618653606
0.0258092102959
0.0266670370683
0.0278012010338
0.0287490859819
0.0256567951898
0.0263083724934
0.0271762845092
0.0279469096867
0.0257348419911
0.0262463109899
0.0269276429661
0.0275579119159
0.0258999073207
0.0263092688796
0.0268535557475
0.0273709428411
0.0260964685892
0.026428561003
0.0268694574045
0.0272989519503
0.0263027516094
0.0265753520813
0.026937018198
0.0272991718513
0.0265113967739
0.0267380540992
0.0270387415158
0.0273503578988
0.0267214453227
0.0269129103388
0.0271668165079
0.0274411754229
0.0269346499874
0.0270997525706
0.0273182404812
0.0275657400071
0.0271537519945
0.0273000008448
0.0274925658042
0.0277218650921
0.0273818316265
0.0275157983889
0.027690684898
0.0279092943582
0.0276224396089
0.0277499738156
0.0279145512809
0.0281292337381
0.0278802514105
0.0280066376899
0.0281677015053
0.0283849499232
0.0281621128056
0.0282923380937
0.028456557481
0.0286832849286
0.0284785856713
0.0286179186652
0.028792692538
0.029037420489
0.0288459593943
0.029001280595
0.0291963556394
0.0294714669102
0.0292898109427
0.0294715378435
0.0297017115305
0.0300277247513
0.029848658162
0.0300741177939
0.0303645656936
0.0307778102402
0.0305789060747
0.0308810988587
0.031276406417
0.031839738008
0.0315672615716
0.0320175242229
0.0325988362971
0.033411490097
0.0329446933737
0.0337197759667
0.0346636534993
0.0358740776207
0.119729782887
0.135585045187
0.151156562702
0.160638937442
0.0519996542942
0.0561018927273
0.0603172184433
0.0634459164707
0.0398764059083
0.0419392594325
0.0441812271375
0.0463166872984
0.0351975188203
0.0365355319381
0.0380639871892
0.0397501880434
0.0342128942234
0.038317101202
0.0489223644092
0.107172510738
0.0335405107388
0.0372392867022
0.0468552279756
0.0997641190439
0.0330677533332
0.0365126010215
0.0455023611337
0.0953087635651
0.0328180262608
0.0361369149333
0.0448205343928
0.0931954072763
0.0328180853508
0.036137054682
0.0448208736447
0.0931968634988
0.0330679366701
0.036513013729
0.0455033480002
0.0953131275969
0.0335408641954
0.0372400192207
0.0468569262778
0.0997723259586
0.0342135645593
0.0383183041892
0.0489249555538
0.107186016523
0.0351987657797
0.0398784140161
0.0520040455215
0.119751571344
0.0365374216364
0.0419421123429
0.0561074136848
0.135608226841
0.0380666940208
0.0441851115012
0.0603235348291
0.15117289781
0.0397539836319
0.0463217543469
0.0634528907302
0.160645407984
0.0358768548134
0.0346655495402
0.0337210882159
0.0329456845329
0.0334134664631
0.0326002032407
0.0320184877694
0.03156811277
0.0318411955353
0.0312774251748
0.0308818061689
0.0305797438389
0.0307789770371
0.0303654518061
0.0300749657822
0.0298498974125
0.0300287670281
0.0297026640032
0.0294727704884
0.0292912172772
0.0294724461157
0.0291973372844
0.0290024647501
0.0288468175335
0.0290383168549
0.0287935586646
0.0286187467348
0.0284789956216
0.0286840781409
0.0284572734761
0.0282929249866
0.0281624360346
0.0283856405751
0.0281682968752
0.028007102352
0.0278805518946
0.0281298290946
0.0279150537317
0.0277503666129
0.0276227207515
0.0279098005683
0.0276911075331
0.0275161283128
0.0273820723329
0.0277222859807
0.0274929121457
0.0273002620285
0.0271539257181
0.0275660774637
0.0273185129623
0.0270999481976
0.0269347593251
0.0274414276901
0.0271670170733
0.0269130493075
0.026721511552
0.0273505251026
0.0270388703959
0.0267381398334
0.026511427891
0.0272992518658
0.0269370732968
0.026575383272
0.0263027438432
0.0272989352046
0.0268694334959
0.0264285346264
0.0260964171179
0.0273708209347
0.0268534454418
0.0263091808824
0.0258998072359
0.0275576802838
0.0269274367777
0.026246155714
0.0257346900238
0.0279465570205
0.0271759676904
0.0263081433472
0.0256565902914
0.0287485645785
0.0278007471149
0.0266667212901
0.0258089456651
0.03061786104
0.0293575321717
0.0278149410763
0.0266163520878
0.0368853535968
0.0339562276095
0.0316775582972
0.0298354524929
0.0819950797485
0.0628330671514
0.0526363301433
0.0508408784736
0.0605709355521
0.0319054309349
0.0273918331898
0.0260842153236
0.0257070372344
0.0256876724762
0.0258180390513
0.026007610254
0.0262135196169
0.0264151800459
0.0266034781685
0.0267756844199
0.0269329318724
0.0270789777613
0.0272197428523
0.0273633977886
0.0275208354035
0.0277066216939
0.0279406282032
0.0282507696128
0.0286777007927
0.0292831642991
0.030166221759
0.0314995983553
0.0600721475964
0.0317892975776
0.0273180258704
0.0260227363917
0.0256511264044
0.0256348764481
0.0257671830402
0.0259580309938
0.026164789632
0.0263669744698
0.026555489725
0.02672754559
0.0268841158866
0.0270286539556
0.0271665515318
0.0273050953069
0.0274537367872
0.0276247240429
0.0278342023626
0.0281039831341
0.0284644246565
0.0289583384981
0.0296485750248
0.0306335687678
0.0595435332684
0.0316128046351
0.027209177435
0.0259386519866
0.0255787886248
0.0255689212717
0.0257049704968
0.025898108652
0.0261062760838
0.0263092606556
0.0264980719546
0.0266699085667
0.0268256198693
0.0269683852004
0.027103107565
0.0272362715732
0.0273760551609
0.0275327405826
0.027719458792
0.0279532802919
0.0282568952304
0.0286603869142
0.029203545824
0.0299376117923
0.0589679484534
0.0314076912692
0.0270775205694
0.0258362071952
0.0254911676245
0.025489689013
0.0256307446444
0.0258269619842
0.0260370237946
0.0262410835291
0.02643030645
0.0266019103852
0.0267566553209
0.0268974838412
0.0270288632686
0.0271565876372
0.0272877256197
0.0274309615963
0.0275970664866
0.0277996379379
0.0280559600803
0.028387809296
0.0288207418609
0.0293815641997
0.0583229082713
0.0311744342146
0.026924892996
0.0257162116335
0.0253882704836
0.0253967754309
0.0255439273636
0.025743960533
0.0259564062667
0.0261618397159
0.0263516227624
0.0265230271037
0.0266767708855
0.0268155740159
0.0269435683166
0.0270659529145
0.0271889484879
0.0273199679645
0.027468002889
0.0276441384709
0.0278620250836
0.0281381216737
0.0284896358823
0.0289312498821
0.0575942304189
0.0309095729073
0.0267500949315
0.0255778657189
0.0252692134357
0.0252891836476
0.0254435049338
0.0256481201706
0.0258634685693
0.0260706121105
0.0262611407557
0.0264324399883
0.0265851922934
0.0267220132211
0.0268467392338
0.0269641007577
0.0270796403782
0.0271998166267
0.0273323115793
0.0274864236135
0.0276734638059
0.0279064954592
0.0281980143971
0.0285568643135
0.0567703989589
0.030608659079
0.0265505425812
0.0254192721884
0.0251323058583
0.0251652751172
0.0253279083353
0.025537958221
0.0257567996897
0.0259660420258
0.0261576077339
0.0263290228562
0.0264809719257
0.02661597419
0.0267376639106
0.0268504285127
0.0269593063581
0.0270700581443
0.0271894162177
0.0273254196367
0.0274878637098
0.027687647089
0.0279347527702
0.0282352099462
0.0558458450965
0.0302676703575
0.0263230241727
0.0252376549008
0.0249750612101
0.0250227572491
0.0251949421508
0.0254113777359
0.0256344750222
0.0258464257673
0.0260394892713
0.0262113642162
0.0263627942592
0.0264962579623
0.0266152633492
0.0267239717132
0.0268270681037
0.0269298204012
0.0270382965537
0.0271596819834
0.0273027059979
0.0274769075811
0.0276909461138
0.0279495999627
0.0548294083924
0.0298845696305
0.0260638320074
0.0250292046489
0.0247939569753
0.0248584481892
0.0250417483489
0.0252658044895
0.0254941409859
0.0257095826226
0.025904766089
0.0260776007599
0.0262289364764
0.0263612775934
0.0264780796225
0.0265833797631
0.0266816469743
0.0267778237406
0.026877518235
0.0269874026822
0.0271154099566
0.0272702124254
0.0274597529602
0.0276884072648
0.0536845292412
0.0294501462728
0.0257660927903
0.0247882936485
0.0245842609513
0.0246682928057
0.0248647437033
0.0250979993954
0.0253328428771
0.0255528010064
0.0257509373096
0.0259254234066
0.0260772614215
0.0262090421852
0.0263242489675
0.0264268916692
0.02652134832
0.02661238333
0.0267053164898
0.0268065135633
0.0269233578811
0.0270639549907
0.0272358811545
0.0274435119887
0.0523784663942
0.0289496427077
0.0254209065478
0.0245081639531
0.0243402987579
0.0244473294588
0.0246595332552
0.0249040275055
0.0251470203227
0.0253728413849
0.0255750373372
0.0257520936005
0.0259052222055
0.0260371627015
0.0261515067461
0.0262523344497
0.0263440505368
0.0264313808623
0.0265195188459
0.0266146514178
0.0267238482466
0.0268548582165
0.0270150847915
0.0272091550623
0.0508834600686
0.0283704799467
0.0250187937429
0.0241809653227
0.0240553241914
0.0241896479685
0.0244209019897
0.0246792660147
0.0249325432335
0.0251659786479
0.0253736769524
0.0255544968057
0.0257099243582
0.0258429168309
0.0259572537351
0.0260571817171
0.0261472472594
0.0262322734162
0.0263175182445
0.0264091073505
0.0265139767669
0.0266397081034
0.0267936622112
0.0269809297903
0.0491716109023
0.0276977388208
0.0245485921434
0.0237974337727
0.0237214101545
0.0238883835328
0.0241428613739
0.0244184674242
0.0246847914402
0.0249281096897
0.0251431734011
0.0253292876925
0.0254882828823
0.0256234092184
0.0257387178334
0.0258387194443
0.0259282169806
0.0260122576622
0.0260963983403
0.0261868252967
0.0262905190642
0.0264150905069
0.0265680435622
0.0267550919664
0.0472128639833
0.0269141479529
0.0239973533627
0.0233468321525
0.0233294277993
0.0235357446321
0.0238187559481
0.0241159368359
0.0243988757494
0.0246550085576
0.0248798322029
0.0250731856811
0.0252373263189
0.0253758821898
0.0254932672454
0.0255943593923
0.025684339801
0.025768637875
0.0258532359842
0.0259446346892
0.0260500647658
0.0261774022004
0.0263345703228
0.026528063318
0.0449670755453
0.026001563912
0.02335034475
0.0228168554116
0.0228690921201
0.0231231953614
0.0234415595856
0.0237659231167
0.0240700970592
0.0243428268251
0.0245804760174
0.0247835254431
0.0249547605404
0.0250982862218
0.025218980982
0.0253222002665
0.0254136299437
0.0254992472943
0.025585616068
0.0256797755475
0.025789495709
0.0259232303764
0.0260896598722
0.0262963402311
0.0423957704252
0.0249378873246
0.0225902733267
0.022193514039
0.0223292117256
0.0226419598619
0.0230045497655
0.0233634093707
0.0236948229395
0.0239890319717
0.0242434251598
0.024459266498
0.0246399980584
0.0247903211909
0.0249156949938
0.0250220711823
0.0251157604869
0.0252035090116
0.0252925853165
0.0253908207468
0.025506853346
0.0256501236163
0.0258305115213
0.0260571272007
0.039456179673
0.0236965451643
0.0216970281332
0.0214614737241
0.0216984969997
0.0220841756218
0.0225027063153
0.0229056811635
0.0232721736737
0.0235941780976
0.0238703305649
0.0241028723278
0.0242960710384
0.0244553729433
0.0245869533936
0.0246974937037
0.0247940755522
0.0248843671809
0.0249765464215
0.0250795035716
0.0252030957469
0.0253582537203
0.0255567109953
0.0258099388442
0.0360996698591
0.0222472541247
0.0206484361121
0.020605467991
0.0209676137162
0.021445433334
0.0219355971405
0.022395458474
0.0228073354469
0.0231653585777
0.0234697369492
0.0237239616857
0.0239333516309
0.0241042854078
0.0242438150292
0.0243595004814
0.0244593697959
0.0245521313474
0.0246470867054
0.0247544847572
0.0248857926704
0.0250540254718
0.0252737197984
0.0255600266078
0.0322742192196
0.0205551676959
0.0194221285272
0.0196138762178
0.020133939451
0.0207303405342
0.0213135111374
0.0218474566021
0.0223184647867
0.0227233973281
0.0230645158619
0.023346942313
0.0235773479794
0.0237632830924
0.023912871052
0.0240347232188
0.0241380067862
0.0242325806481
0.0243290930214
0.0244394436075
0.0245771530248
0.0247580161263
0.0250006394423
0.0253259496711
0.0279163803662
0.0185835739195
0.0180014996801
0.0184878710046
0.0192129591859
0.0199654754482
0.0206715861805
0.0213034817048
0.021852621723
0.0223195136285
0.0227091595706
0.0230288312118
0.0232869491068
0.0234925437826
0.023655061837
0.0237843981058
0.0238910707244
0.0239861854914
0.0240819927957
0.0241923436652
0.0243332866168
0.0245241462046
0.0247890926423
0.0251579712208
0.0229509352061
0.0162956951944
0.0163926034117
0.0172666356021
0.0182687780899
0.0192338268405
0.0201075313812
0.0208730456724
0.0215289522672
0.0220807478282
0.022537120011
0.0229081792266
0.0232046190994
0.0234373689117
0.0236175688283
0.0237568870063
0.023867280637
0.0239612903912
0.0240531332736
0.0241589921673
0.0242979865312
0.024493620566
0.0247769059655
0.0251904068777
0.0172559251257
0.0136923265195
0.0146892835928
0.0161134525951
0.0175169497107
0.0187919132201
0.0199114348185
0.0208744291446
0.02168960042
0.0223693227422
0.0229272676083
0.0233773491293
0.0237333142565
0.024008668002
0.0242169164435
0.0243727870971
0.0244896993132
0.0245818853778
0.0246663875248
0.0247624268677
0.024893231196
0.0250869125882
0.0253809977774
0.0258307722115
0.0106437903766
0.0109829489925
0.0133877295119
0.0157481546168
0.0178576618595
0.019689835905
0.021261373812
0.0225953890679
0.0237159836447
0.024645716815
0.0254057703212
0.0260159376574
0.0264948989999
0.0268605675102
0.0271310399351
0.0273277502129
0.027466214304
0.027563712416
0.0276426664754
0.0277276889878
0.0278502831702
0.0280450547883
0.0283501249333
0.0288030542739
0.00357903216043
0.0109019684603
0.0177379145775
0.0234019166402
0.0281463151494
0.0321366956627
0.0355177101623
0.0383722761121
0.040769158244
0.0427602895117
0.0443910871123
0.045701360545
0.0467278466599
0.0475058919353
0.0480698913394
0.0484703422636
0.0487417931586
0.0489180496514
0.0490449313809
0.0491869125058
0.049401499574
0.0498096314878
0.0503196493905
0.0507037537965
0.0628152465111
0.0327497087985
0.0278567602048
0.0263592593624
0.025865137489
0.0257690101154
0.0258487333202
0.0260058666078
0.026192270438
0.0263834693028
0.0265672835827
0.0267384221142
0.0268957452861
0.0270408913947
0.0271776447205
0.02731177709
0.0274513404586
0.0276074603355
0.0277958058777
0.0280391902139
0.0283725474612
0.0288534986291
0.0295878453111
0.0308040913837
0.0625370832779
0.0326541479358
0.0278037316892
0.0263279338826
0.0258477489626
0.0257611789608
0.0258474479481
0.0260089084743
0.026197990534
0.0263906705942
0.026575146263
0.0267464545947
0.0269037559361
0.0270489853351
0.0271862445312
0.0273216692716
0.0274637647598
0.0276242566533
0.0278196465057
0.0280739468976
0.0284239166796
0.0289301162996
0.0297032443915
0.0309792828921
0.0620178202135
0.0324667029628
0.0276967393468
0.026264622852
0.0258128933664
0.0257456568317
0.0258449642167
0.0260149067823
0.0262091539912
0.0264046390063
0.0265903382728
0.026761957793
0.0269192707285
0.027064806016
0.0272032920415
0.0273416084941
0.0274892100939
0.0276590824493
0.0278694473574
0.0281467754506
0.0285314866145
0.0290896068412
0.0299392477813
0.0313195040453
0.0613568998663
0.0321510216911
0.0275220237552
0.0261658376569
0.0257606861109
0.0257235695582
0.0258424510126
0.0260247470938
0.0262263010352
0.0264256218154
0.0266129192362
0.0267849362348
0.0269423891397
0.0270887254634
0.0272296630355
0.0273732839644
0.0275305954993
0.0277166585862
0.0279525483276
0.028268759735
0.0287113111234
0.0293530343829
0.0303150931954
0.0318072269804
0.0613578440681
0.0321513593164
0.0275222542501
0.0261660053009
0.0257608009939
0.0257236367151
0.0258424749367
0.0260247328638
0.0262262545079
0.0264255487416
0.0266128257233
0.0267848282438
0.0269422722551
0.0270886044628
0.0272295425711
0.027373168547
0.0275304892271
0.027716565576
0.0279524733553
0.0282687138727
0.0287113160019
0.0293531267698
0.0303153285164
0.0318076429564
0.06201856476
0.0324669710089
0.0276969223667
0.0262647570471
0.0258129874657
0.0257457150516
0.0258449901101
0.026014903993
0.0262091266036
0.026404590921
0.0265902735298
0.0267618804186
0.026919184774
0.0270647153
0.0272032004852
0.0273415198336
0.0274891275625
0.0276590089082
0.0278693862355
0.0281467321681
0.028531471512
0.0290896408833
0.0299393640105
0.0313197327809
0.0625375611056
0.0326543209983
0.0278038495826
0.0263280207743
0.0258478107557
0.0257612185896
0.0258474675885
0.0260089103399
0.026197976915
0.0263906437459
0.0265751083832
0.0267464081304
0.0269037033617
0.0270489291726
0.0271861872134
0.027321613303
0.0274637122097
0.027624209419
0.0278196068616
0.0280739168525
0.028423900325
0.0289301243891
0.0297032930691
0.0309793940091
0.0628154061692
0.0327497687186
0.0278568010651
0.0263592895545
0.0258651591029
0.0257690242386
0.0258487406626
0.0260058679098
0.0261922664295
0.0263834607474
0.0265672711824
0.0267384066977
0.0268957276758
0.0270408724622
0.0271776252775
0.0273117580013
0.0274513224599
0.0276074440984
0.0277957921306
0.0280391795135
0.0283725408487
0.0288534991272
0.0295878577615
0.0308041236093
0.00357899881155
0.01090186306
0.0177377585572
0.023401730647
0.0281461102061
0.0321364774249
0.0355174785467
0.0383720275062
0.0407688863071
0.0427599850546
0.0443907404884
0.0457009630567
0.0467273886224
0.0475053671816
0.0480693018619
0.0484696379313
0.0487409543788
0.0489171117797
0.0490439197657
0.0491859093061
0.049400599922
0.0498088941805
0.0503190810608
0.0507033038753
0.0106437007133
0.0109828666864
0.0133876419649
0.0157480588747
0.0178575578264
0.0196897238545
0.0212612532206
0.0225952583404
0.0237158400217
0.0246455565391
0.0254055889121
0.0260157301553
0.0264946609081
0.0268602952417
0.0271307268465
0.0273273863529
0.0274657889357
0.0275632360815
0.0276421579229
0.027727179517
0.0278498064229
0.0280446270607
0.0283497356415
0.0288026670273
0.0172557999905
0.0136922332081
0.0146891976867
0.0161133657805
0.0175168583543
0.0187918149494
0.0199113274921
0.020874310531
0.0216894680353
0.0223691738643
0.0229270997374
0.0233771598988
0.02373310221
0.0240084330524
0.0242166577788
0.0243724963373
0.0244893640495
0.0245815135467
0.0246660013666
0.0247620438474
0.0248928642849
0.0250865656541
0.0253806649191
0.0258304481258
0.0229507847364
0.0162955972359
0.0163925172145
0.0172665502408
0.0182686887332
0.0192337299855
0.0201074240421
0.0208729251545
0.0215288162127
0.0220805940546
0.0225369470935
0.0229079866285
0.023204407047
0.0234371388431
0.0236173212601
0.0237566169988
0.0238669811246
0.0239609690306
0.0240528080068
0.0241586724791
0.0242976754779
0.0244933179838
0.0247766152876
0.0251901394661
0.0279162176784
0.018583479419
0.0180014174249
0.0184877881339
0.0192128705994
0.0199653773575
0.0206714753511
0.0213033553743
0.02185247774
0.0223193504549
0.0227089764368
0.0230286287412
0.0232867285984
0.0234923069575
0.0236548100787
0.0237841311782
0.0238907899603
0.0239858987361
0.0240817085603
0.0241920653309
0.0243330128254
0.024523874882
0.0247888356771
0.0251577489815
0.0322740636509
0.0205550860546
0.0194220565511
0.0196137996745
0.0201338534931
0.0207302416405
0.0213133962861
0.0218473233175
0.0223183113389
0.0227232228686
0.0230643204396
0.0233467272151
0.0235771154199
0.0237630354165
0.0239126108397
0.0240344541516
0.0241377356783
0.0242323140165
0.0243288327471
0.0244391884716
0.0245769010772
0.0247577696739
0.0250004151006
0.0253257695914
0.0360995460432
0.0222471967267
0.0206483825586
0.0206054034233
0.0209675340366
0.0214453357723
0.0219354793078
0.0223953185025
0.0228071722702
0.0231651721221
0.0234695282155
0.0237237328058
0.0239331057172
0.0241040260479
0.0242435463095
0.0243592279357
0.0244591009743
0.0245518708225
0.024646833706
0.0247542368988
0.0248855508802
0.0250537996638
0.0252735293146
0.0255598900528
0.0394561154446
0.0236965255362
0.0216970027491
0.0214614281232
0.0216984284827
0.0220840827093
0.0225025876657
0.0229055358289
0.0232720014516
0.0235939798218
0.0238701082046
0.0241026290643
0.0242958110417
0.0244551010687
0.0245866750741
0.0246972149497
0.0247938026793
0.0248841035055
0.0249762912345
0.0250792558566
0.0252028602623
0.0253580461847
0.0255565514297
0.025809842971
0.0423957960907
0.0249379198294
0.0225902861499
0.0221934946561
0.0223291596764
0.0226418755209
0.0230044332177
0.0233632608259
0.0236946432174
0.0239888228737
0.0242431896441
0.0244590087471
0.0246397233268
0.0247900354428
0.0249154046079
0.0250217824387
0.0251154789403
0.0252032377263
0.0252923251846
0.0253905735338
0.0255066270087
0.0256499346009
0.0258303770717
0.0260570643065
0.0449672225338
0.0260016601572
0.0233504031416
0.0228168677219
0.0228690609548
0.0231231232942
0.0234414482978
0.0237657740591
0.02406991211
0.0243426087495
0.0245802287012
0.0247832539729
0.0249544710788
0.0250979856343
0.025218676375
0.0253218982573
0.0254133361319
0.0254989658448
0.0255853502995
0.025679531163
0.0257892838207
0.0259230641443
0.0260895452159
0.0262963004222
0.0472131633961
0.0269143098041
0.0239974573045
0.0233468771723
0.0233294195265
0.0235356874204
0.023818652746
0.0241157901318
0.0243986883546
0.024654784102
0.0248795753837
0.0250729023395
0.0252370233145
0.0253755670541
0.0254929476519
0.025594042459
0.0256840318408
0.0257683445156
0.0258529635864
0.0259443937906
0.0260498709447
0.026177264441
0.0263344707989
0.0265280371468
0.0491720744553
0.0276979446287
0.0245487290179
0.0237975062195
0.0237214235843
0.0238883421543
0.0241427683574
0.0244183257474
0.0246846045806
0.0249278819742
0.0251429101836
0.0253289953926
0.0254879688373
0.0256230813876
0.0257383842641
0.0258383877835
0.0259278942917
0.0260119509334
0.0260961164659
0.0261865822199
0.0262903331929
0.0264149642975
0.0265679538144
0.0267550931883
0.0508838477814
0.028370663283
0.0250189408775
0.0241810565641
0.0240553564134
0.024189622357
0.0244208205924
0.0246791316236
0.0249323597444
0.0251657509588
0.0253734109381
0.0255541992871
0.0257096029391
0.0258425796477
0.0259569090028
0.0260568373981
0.0261469108806
0.0262319526558
0.0263172225181
0.0264088500838
0.0265137729855
0.0266395569177
0.0267935864279
0.0269809965189
0.0523789650851
0.0289498398971
0.0254210687735
0.0245082727979
0.0243403486641
0.0244473199931
0.024659464793
0.024903902141
0.0251468425179
0.025372616724
0.0255747721856
0.0257517950387
0.0259048979033
0.026036820737
0.0261511552605
0.0262519813865
0.0263437035249
0.0264310475182
0.0265192081742
0.026614374635
0.026723617682
0.0268546827758
0.02701503492
0.0272092905642
0.0536850747029
0.0294503554731
0.0257662689261
0.0247884177505
0.0245843277478
0.024668301411
0.0248646902394
0.025097884034
0.0253326718983
0.0255525814843
0.0257506762254
0.0259251279415
0.0260769390971
0.0262087008118
0.0263238963404
0.0264265354203
0.0265209957832
0.0266120419858
0.0267049954634
0.0268062254797
0.0269231187831
0.0270637868655
0.0272358539636
0.0274436746875
0.0548299369137
0.029884820373
0.0260640168422
0.0250293375661
0.0247940403689
0.0248584821243
0.0250417145812
0.0252656983223
0.0254939755209
0.0257093686321
0.0259045112833
0.0260773120353
0.0262286209015
0.0263609424567
0.0264777321681
0.0265830270299
0.0266812957106
0.0267774811236
0.0268771944101
0.0269871132849
0.027115174481
0.0272700581901
0.0274597271501
0.0276885609031
0.0558465638936
0.0302679320688
0.0263232214458
0.025237789775
0.024975165553
0.0250228366504
0.0251949367054
0.0254112753313
0.0256343095567
0.0258462153577
0.0260392417266
0.0262110851616
0.0263624897477
0.0264959345163
0.0266149275138
0.0267236298409
0.0268267259923
0.0269294850576
0.027037979259
0.0271593983757
0.0273024770474
0.0274767577883
0.02769088719
0.0279497038487
0.0567713164515
0.0306089401055
0.026550730087
0.0254193882578
0.02513244534
0.0251654299165
0.0253279351287
0.0255378475792
0.0257566262119
0.0259658325708
0.0261573681497
0.0263287559778
0.0264806821979
0.0266156672826
0.0267373457136
0.0268501046484
0.0269589818981
0.0270697402694
0.0271891165771
0.0273251547794
0.0274876608684
0.0276875209131
0.0279346102728
0.0282351795828
0.0575951530712
0.0309098541833
0.0267502743898
0.0255779749573
0.0252693847858
0.0252893860321
0.0254435470419
0.0256480024416
0.0258632922728
0.0260704067295
0.0262609120828
0.0264321881095
0.0265849204588
0.0267217267226
0.0268464435272
0.0269638008831
0.0270793413548
0.0271995259512
0.0273320416581
0.0274861971846
0.0276733213639
0.0279063874194
0.0281977702849
0.0285568588248
0.0583238309852
0.0311747273626
0.0269250948432
0.0257163545723
0.0253884431013
0.0253969424572
0.0255439557811
0.025743858769
0.0259562487911
0.0261616521945
0.026351410481
0.0265227932269
0.0266765187809
0.0268153105053
0.026943298167
0.0270656810233
0.0271886798615
0.0273197102358
0.0274677693224
0.0276439539888
0.0278619294442
0.0281379925528
0.0284894796068
0.0289317009366
0.0589688948465
0.0314080086447
0.0270777534826
0.0258363856351
0.0254913214131
0.0254897981741
0.0256307581894
0.0258268872264
0.02603689584
0.0262409201778
0.0264301154506
0.0266016974365
0.0267564264483
0.0268972449056
0.0270286197246
0.0271563454712
0.0272874891643
0.0274307379233
0.0275968675695
0.0277994822801
0.028055871739
0.0283877206468
0.0288208905276
0.0293824185611
0.0595445275867
0.0316131514504
0.0272094309642
0.0259388444368
0.0255789292377
0.0255690040333
0.0257049823235
0.0258980551024
0.0261061731017
0.0263091202983
0.0264979028573
0.0266697182303
0.0268254154837
0.0269681731277
0.0271028932286
0.0272360601516
0.027375851037
0.0275325499059
0.0277192921422
0.0279531527155
0.0282568311149
0.0286604163073
0.0292038850909
0.0299384249705
0.0600731723866
0.0317896657208
0.0273182889442
0.0260229317775
0.0256512608948
0.0256349512275
0.0257671981177
0.025957991896
0.0261647057037
0.0263668547913
0.0265553427292
0.0267273792475
0.0268839376036
0.0270284700479
0.0271663672006
0.0273049154367
0.0274535659022
0.0276245676637
0.0278340677543
0.0281038856709
0.0284643987579
0.0289584402188
0.029648922485
0.0306342449968
0.0605719293562
0.0319057947715
0.0273920878954
0.0260844013272
0.0257071629342
0.0256877420619
0.0258180564344
0.0260075812356
0.0262134514781
0.0264150801883
0.0266033542429
0.0267755439482
0.0269327817014
0.0270788235259
0.0272195893503
0.0273632497371
0.0275206971791
0.0277064984142
0.0279405258649
0.028250703319
0.028677700777
0.0292832819288
0.0301665371891
0.0315002190753
)
;

boundaryField
{
    frontAndBack
    {
        type            empty;
    }
    top
    {
        type            inletOutlet;
        inletValue      uniform 0.1;
        value           nonuniform List<scalar> 
56
(
0.029036111492
0.0297973341742
0.0309629783538
0.0327137852626
0.0352906148185
0.0390061946923
0.0442855741174
0.0518301768982
0.0631561059938
0.1
0.1
0.1
0.1
0.1
0.1
0.1
0.1
0.1
0.1
0.1
0.1
0.1
0.1
0.1
0.028003620067
0.0280822280047
0.0282552763772
0.0285544298762
0.0285683349243
0.028263402488
0.0280864128546
0.0280049058974
0.1
0.1
0.1
0.1
0.1
0.1
0.1
0.1
0.1
0.1
0.1
0.1
0.1
0.1
0.1
0.0632296498349
0.051928297365
0.0443915463981
0.0391064260088
0.0353763667683
0.032781364477
0.0310126118217
0.0298315918871
0.0290584673746
)
;
    }
    inlet
    {
        type            epsilonWallFunction;
        refValue        nonuniform List<scalar> 
56
(
1.47972367516
0.374947058754
0.209467591513
0.1471365026
0.112401694008
0.0906401980002
0.0762707993798
0.0665004421485
0.059755025916
0.0550753388063
0.0518110234801
0.0495067931544
0.0478267644959
0.046521762821
0.0454117219067
0.0443745183184
0.0433345048694
0.0422625005722
0.0411921878173
0.0402931458816
0.0400234422028
0.0410594466116
0.0436954292897
0.0474569010839
0.0522918471558
0.0587910471663
0.0693225078546
0.0830906529946
0.0508413908619
0.0526369267388
0.0628357029577
0.0820019446885
0.00357032702976
0.0109019684603
0.0177379145775
0.0234019166402
0.0281463151494
0.0321366956627
0.0355177101623
0.0383722761121
0.040769158244
0.0427602895117
0.0443910871123
0.045701360545
0.0467278466599
0.0475058919353
0.0480698913394
0.0484703422636
0.0487417931586
0.0489180496514
0.0490449313809
0.0491869125058
0.049401499574
0.0498096314878
0.0503196493905
0.0507037537965
)
;
        value           nonuniform List<scalar> 
56
(
1.47972367516
0.374947058754
0.209467591513
0.1471365026
0.112401694008
0.0906401980002
0.0762707993798
0.0665004421485
0.059755025916
0.0550753388063
0.0518110234801
0.0495067931544
0.0478267644959
0.046521762821
0.0454117219067
0.0443745183184
0.0433345048694
0.0422625005722
0.0411921878173
0.0402931458816
0.0400234422028
0.0410594466116
0.0436954292897
0.0474569010839
0.0522918471558
0.0587910471663
0.0693225078546
0.0830906529946
0.0508413908619
0.0526369267388
0.0628357029577
0.0820019446885
0.00357032702976
0.0109019684603
0.0177379145775
0.0234019166402
0.0281463151494
0.0321366956627
0.0355177101623
0.0383722761121
0.040769158244
0.0427602895117
0.0443910871123
0.045701360545
0.0467278466599
0.0475058919353
0.0480698913394
0.0484703422636
0.0487417931586
0.0489180496514
0.0490449313809
0.0491869125058
0.049401499574
0.0498096314878
0.0503196493905
0.0507037537965
)
;
        Cmu             0.09;
        kappa           0.41;
        E               9.8;
    }
    outlet
    {
        type            epsilonWallFunction;
        refValue        nonuniform List<scalar> 
56
(
1.47973970735
0.375347847985
0.210088071271
0.147585546023
0.112627730438
0.090726451881
0.076291938033
0.066496925548
0.0597449366111
0.0550658026798
0.0518045329244
0.0495040361895
0.047827221003
0.0465246502295
0.0454163537967
0.0443804828255
0.0433415863444
0.0422706387771
0.0412014811812
0.0403036348166
0.0400350860978
0.0410716821601
0.0437068965844
0.0474663315111
0.0830840003234
0.0693180043236
0.0587927705882
0.0522980383415
0.0819950797485
0.0628330671514
0.0526363301433
0.0508408784736
0.00357029393036
0.01090186306
0.0177377585572
0.023401730647
0.0281461102061
0.0321364774249
0.0355174785467
0.0383720275062
0.0407688863071
0.0427599850546
0.0443907404884
0.0457009630567
0.0467273886224
0.0475053671816
0.0480693018619
0.0484696379313
0.0487409543788
0.0489171117797
0.0490439197657
0.0491859093061
0.049400599922
0.0498088941805
0.0503190810608
0.0507033038753
)
;
        value           nonuniform List<scalar> 
56
(
1.47973970735
0.375347847985
0.210088071271
0.147585546023
0.112627730438
0.090726451881
0.076291938033
0.066496925548
0.0597449366111
0.0550658026798
0.0518045329244
0.0495040361895
0.047827221003
0.0465246502295
0.0454163537967
0.0443804828255
0.0433415863444
0.0422706387771
0.0412014811812
0.0403036348166
0.0400350860978
0.0410716821601
0.0437068965844
0.0474663315111
0.0830840003234
0.0693180043236
0.0587927705882
0.0522980383415
0.0819950797485
0.0628330671514
0.0526363301433
0.0508408784736
0.00357029393036
0.01090186306
0.0177377585572
0.023401730647
0.0281461102061
0.0321364774249
0.0355174785467
0.0383720275062
0.0407688863071
0.0427599850546
0.0443907404884
0.0457009630567
0.0467273886224
0.0475053671816
0.0480693018619
0.0484696379313
0.0487409543788
0.0489171117797
0.0490439197657
0.0491859093061
0.049400599922
0.0498088941805
0.0503190810608
0.0507033038753
)
;
        Cmu             0.09;
        kappa           0.41;
        E               9.8;
    }
    floatingObject
    {
        type            epsilonWallFunction;
        refValue        nonuniform List<scalar> 
32
(
0.141960651879
0.136893986928
0.137593847595
0.150732463972
0.133643120912
0.112305918302
0.0920193003726
0.0776923869783
0.0776977844348
0.0920269361533
0.112316696447
0.133668513221
0.142033829171
0.136950470991
0.137607259559
0.150726061272
0.119729782887
0.135585045187
0.151156562702
0.160638937442
0.107172510738
0.0997641190439
0.0953087635651
0.0931954072763
0.0931968634988
0.0953131275969
0.0997723259586
0.107186016523
0.119751571344
0.135608226841
0.15117289781
0.160645407984
)
;
        value           nonuniform List<scalar> 
32
(
0.141960651879
0.136893986928
0.137593847595
0.150732463972
0.133643120912
0.112305918302
0.0920193003726
0.0776923869783
0.0776977844348
0.0920269361533
0.112316696447
0.133668513221
0.142033829171
0.136950470991
0.137607259559
0.150726061272
0.119729782887
0.135585045187
0.151156562702
0.160638937442
0.107172510738
0.0997641190439
0.0953087635651
0.0931954072763
0.0931968634988
0.0953131275969
0.0997723259586
0.107186016523
0.119751571344
0.135608226841
0.15117289781
0.160645407984
)
;
        Cmu             0.09;
        kappa           0.41;
        E               9.8;
    }
    bottom
    {
        type            epsilonWallFunction;
        refValue        nonuniform List<scalar> 
56
(
0.0605709355521
0.0600721475964
0.0595435332684
0.0589679484534
0.0583229082713
0.0575942304189
0.0567703989589
0.0558458450965
0.0548294083924
0.0536845292412
0.0523784663942
0.0508834600686
0.0491716109023
0.0472128639833
0.0449670755453
0.0423957704252
0.039456179673
0.0360996698591
0.0322742192196
0.0279163803662
0.0229509352061
0.0172559251257
0.0106437903766
0.00357903216043
0.0628152465111
0.0625370832779
0.0620178202135
0.0613568998663
0.0613578440681
0.06201856476
0.0625375611056
0.0628154061692
0.00357899881155
0.0106437007133
0.0172557999905
0.0229507847364
0.0279162176784
0.0322740636509
0.0360995460432
0.0394561154446
0.0423957960907
0.0449672225338
0.0472131633961
0.0491720744553
0.0508838477814
0.0523789650851
0.0536850747029
0.0548299369137
0.0558465638936
0.0567713164515
0.0575951530712
0.0583238309852
0.0589688948465
0.0595445275867
0.0600731723866
0.0605719293562
)
;
        value           nonuniform List<scalar> 
56
(
0.0605709355521
0.0600721475964
0.0595435332684
0.0589679484534
0.0583229082713
0.0575942304189
0.0567703989589
0.0558458450965
0.0548294083924
0.0536845292412
0.0523784663942
0.0508834600686
0.0491716109023
0.0472128639833
0.0449670755453
0.0423957704252
0.039456179673
0.0360996698591
0.0322742192196
0.0279163803662
0.0229509352061
0.0172559251257
0.0106437903766
0.00357903216043
0.0628152465111
0.0625370832779
0.0620178202135
0.0613568998663
0.0613578440681
0.06201856476
0.0625375611056
0.0628154061692
0.00357899881155
0.0106437007133
0.0172557999905
0.0229507847364
0.0279162176784
0.0322740636509
0.0360995460432
0.0394561154446
0.0423957960907
0.0449672225338
0.0472131633961
0.0491720744553
0.0508838477814
0.0523789650851
0.0536850747029
0.0548299369137
0.0558465638936
0.0567713164515
0.0575951530712
0.0583238309852
0.0589688948465
0.0595445275867
0.0600731723866
0.0605719293562
)
;
        Cmu             0.09;
        kappa           0.41;
        E               9.8;
    }
}


// ************************************************************************* //
