/*--------------------------------*- C++ -*----------------------------------*\
| =========                 |                                                 |
| \\      /  F ield         | foam-extend: Open Source CFD                    |
|  \\    /   O peration     | Version:     3.2                                |
|   \\  /    A nd           | Web:         http://www.foam-extend.org         |
|    \\/     M anipulation  | For copyright notice see file Copyright         |
\*---------------------------------------------------------------------------*/
FoamFile
{
    version     2.0;
    format      ascii;
    class       volScalarField;
    location    "1";
    object      k;
}
// * * * * * * * * * * * * * * * * * * * * * * * * * * * * * * * * * * * * * //

dimensions      [0 2 -2 0 0 0 0];

internalField   nonuniform List<scalar> 
3200
(
0.051830959067
0.0516850057106
0.0514098977855
0.0510329206673
0.050584221622
0.0500907237462
0.0495731320202
0.0490453910373
0.0485153857386
0.0479859814068
0.0474559639237
0.0469207906203
0.0463732002979
0.0458038218661
0.0452020643066
0.0445576565279
0.0438633456647
0.0431196348982
0.0423421762043
0.0415707568864
0.04087431754
0.0403397934847
0.0400429074777
0.0400027151441
0.0525483525008
0.0523569070889
0.052002590669
0.0515294522125
0.0509829782117
0.0504008400793
0.0498096373401
0.0492255820865
0.0486567205661
0.0481052118644
0.0475691070063
0.0470436178792
0.0465220429194
0.0459965590828
0.0454591656197
0.0449031153876
0.044325168647
0.0437292787195
0.0431321701905
0.0425696319316
0.0420992499231
0.0417907629633
0.0417076514977
0.041855539466
0.0535770452652
0.0533130363296
0.0528347213333
0.0522145825722
0.051522211409
0.050810576603
0.0501134483222
0.049448742968
0.0488233617921
0.0482373223652
0.0476866292316
0.0471651079216
0.0466655961156
0.0461808051087
0.0457041453405
0.0452308480129
0.0447595640577
0.0442947936828
0.0438504658454
0.0434537591568
0.0431462936773
0.042977010122
0.0429869592681
0.0431747673421
0.0550238718181
0.0546443060563
0.0539738549703
0.0531332051904
0.0522287090437
0.05133372945
0.050489520406
0.0497138694485
0.0490101503569
0.0483740237122
0.0477975927585
0.0472717668286
0.0467876078238
0.0463371270354
0.0459138464206
0.0455134867623
0.0451348653317
0.0447811794924
0.0444619130364
0.0441950361784
0.0440078011527
0.0439324322112
0.043994164155
0.0441902507156
0.057026626378
0.0564611425568
0.055494662749
0.0543295215978
0.0531254011041
0.0519798555757
0.0509393701754
0.0500176062749
0.0492105857568
0.0485065406899
0.0478913285807
0.047351126207
0.0468737240441
0.0464490935149
0.0460695790362
0.0457300642944
0.045428221094
0.0451648645027
0.0449447182052
0.0447776952773
0.0446799844313
0.0446722745445
0.0447715297355
0.0449748293924
0.0597674018426
0.0588931395492
0.0574694950972
0.0558358460354
0.0542220167561
0.0527474643329
0.0514562989231
0.0503508184816
0.0494142209643
0.0486234748258
0.0479555254132
0.0473898891266
0.0469095701274
0.0465011774339
0.0461546738283
0.0458630033252
0.0456217303655
0.045428744121
0.0452843160034
0.0451919299205
0.0451598383404
0.0452012483439
0.0453296275545
0.0455429288935
0.0635123645864
0.0620902884581
0.0599520427434
0.0576561627912
0.0555036758612
0.0536171724828
0.0520215165979
0.050696412051
0.0496054100734
0.0487100683335
0.0479757965414
0.0473736609507
0.0468805175602
0.0464784557398
0.0461540166347
0.0458973245414
0.0457011909889
0.0455603596536
0.0454711783608
0.0454322544817
0.0454464171897
0.0455221187376
0.0456715421905
0.0458944454167
0.0687279740225
0.0662212828083
0.062946203998
0.0597426905203
0.0569183574081
0.0545458524881
0.0526015427482
0.0510281632449
0.0497627086349
0.0487478255681
0.0479353974802
0.0472867106145
0.0467714308741
0.0463662503135
0.0460534982395
0.0458198325437
0.0456549275548
0.0455503894044
0.0454992646635
0.0454965996562
0.0455416222553
0.045640187379
0.0458040006688
0.0460346956966
0.0763921209905
0.0714103668496
0.0663344324118
0.061964076755
0.0583671549963
0.0554648937728
0.0531485467879
0.0513112723952
0.0498592465105
0.0487146909338
0.0478152348769
0.0471118387948
0.0465664302822
0.0461497616836
0.045839461401
0.0456183281046
0.0454727351944
0.0453913920092
0.0453644936842
0.0453846726946
0.0454492303874
0.0455630524372
0.0457371809183
0.0459752242887
0.0887641735067
0.0772851381778
0.069707336433
0.0640723332072
0.0597064634678
0.0562869074602
0.0536052594568
0.0515052117016
0.0498642191967
0.0485857638842
0.0475941612018
0.04683041052
0.0462487282312
0.0458137526733
0.0454981891465
0.0452809671271
0.0451450969658
0.0450764349592
0.0450631712375
0.0450965858441
0.0451737220928
0.0452985864084
0.0454818011331
0.0457284979634
0.0921797638363
0.0806329393608
0.0721522469417
0.0657366823357
0.0607829189104
0.0569248441581
0.053914465208
0.0515683688239
0.0497451534062
0.0483343697297
0.0472494342813
0.0464224978587
0.0458005438108
0.0453422916868
0.0450157670287
0.0447957050662
0.0446619426255
0.0445980736866
0.0445909248999
0.0446319668714
0.0447177337429
0.0448522706081
0.0450458987649
0.0453043843407
0.0932974539258
0.0823379948167
0.073673676211
0.0668671642845
0.0615190713733
0.0573191175237
0.0540292403315
0.0514624624183
0.0494699784826
0.047933082357
0.0467571874154
0.0458670078881
0.045203204634
0.0447189354076
0.0443773519773
0.0441494384654
0.0440122206839
0.0439476488013
0.0439425526821
0.0439877087741
0.0440803969002
0.0442254131701
0.0444328492613
0.0447079960158
0.0937299860106
0.0831853513458
0.0745263019815
0.0675204841739
0.0619053097644
0.0574398602273
0.0539152303748
0.0511540192539
0.0490078786342
0.0473541435643
0.0460926572192
0.0451421185237
0.0444372178431
0.0439258832468
0.0435669043376
0.0433278298812
0.0431837757293
0.0431158474162
0.0431096901233
0.0431569386941
0.0432563709722
0.0434141275431
0.0436402912822
0.0439386618821
0.0939180260541
0.0835848751956
0.0749270610267
0.0677804600967
0.0619584778425
0.0572732266355
0.0535457864226
0.0506125226195
0.048328609287
0.0465695059882
0.0452304585704
0.0442247107818
0.0434815392937
0.0429440374692
0.0425669787423
0.0423157052003
0.0421633972953
0.0420895792387
0.0420802774269
0.0421285294416
0.0422352568967
0.0424086686878
0.0426593752182
0.0429890997526
0.0939982493478
0.0837262707307
0.0750070590102
0.0677088566449
0.0616913726704
0.056804751488
0.0528939504773
0.0498066380928
0.0474007262353
0.04554939374
0.0441431641394
0.0430898696235
0.0423135288865
0.041752668648
0.0413593836984
0.0410960673979
0.0409339874026
0.04085245128
0.0408383627297
0.0408866977247
0.0410011595609
0.0411928879593
0.041473998291
0.0418442688659
0.0940177607675
0.0836898643836
0.0748263035028
0.0673294199039
0.0610972811389
0.0560088525228
0.0519251452196
0.0486993868493
0.0461883355297
0.0442605254297
0.0428005323853
0.0417102154969
0.0409082619198
0.0403297733371
0.0399229918757
0.039647960385
0.0394751546441
0.0393842247345
0.039363518563
0.0394104971033
0.0395322539541
0.0397437788139
0.040060091805
0.0404800912584
0.0939931040713
0.0834991619231
0.0743908890195
0.0666241503655
0.0601395374667
0.0548390116019
0.050590310942
0.0472435953165
0.0446481722959
0.0426640465633
0.0411677979722
0.0400544380465
0.0392379965028
0.0386488078231
0.0382320721439
0.0379463969207
0.037762064119
0.0376597178802
0.0376298098352
0.0376729000169
0.0378000514919
0.0380309200493
0.038385029444
0.0388626666353
0.0939285005965
0.083139572043
0.0736563497178
0.0655254778074
0.05874032508
0.0532177471699
0.0488182342722
0.0453764096455
0.0427255676621
0.0407122944181
0.0392028492273
0.038085258525
0.0372677340419
0.0366765423458
0.0362546985251
0.0359599874445
0.0357631653836
0.0356466025488
0.0356036523563
0.0356387748145
0.0357676539551
0.0360151819916
0.0364066254687
0.0369467251638
0.0938223228761
0.0825535746111
0.0725096745957
0.0638944419977
0.0567618355686
0.0510226638201
0.0465056814126
0.0430120081053
0.0403485121212
0.038343469989
0.0368513759507
0.0357528675658
0.0349507696609
0.0343684993968
0.0339476759451
0.0336459999694
0.0334353952091
0.0333007056212
0.0332391269274
0.0332601953894
0.0333852934226
0.0336450563523
0.0340705843327
0.0346730252909
0.0936710470682
0.0816034585973
0.0707126385981
0.061471190221
0.0539717918051
0.0480639661402
0.0435018191432
0.040029208322
0.0374163992334
0.0354705361402
0.0340351239826
0.0329842452094
0.0322177132292
0.0316575981345
0.0312453136473
0.0309393351974
0.0307133938777
0.0305554130281
0.0304673426359
0.0304654930567
0.0305791188776
0.0308461703801
0.0313023198465
0.0319625055618
0.093474775858
0.0799446029627
0.0677523173329
0.0577673245989
0.0499770369349
0.0440416112227
0.0395755871267
0.0362423501793
0.0337717696584
0.0319531734977
0.0306234930434
0.0296550112563
0.0289480679239
0.0284259392447
0.0280315378331
0.027725108543
0.0274826861204
0.0272953724247
0.0271701424524
0.0271319938285
0.0272224581435
0.0274922155748
0.0279805536567
0.0286953424488
0.0932332607408
0.0765524509121
0.0624247118576
0.0518135840558
0.0440687462804
0.0384306339229
0.034315027538
0.0313057394825
0.0291073559353
0.0275064682562
0.0263448760218
0.0255018127853
0.024883991964
0.0244198646061
0.0240563435194
0.0237567518008
0.0234997063444
0.0232784097007
0.0231035011924
0.0230085018216
0.0230531676642
0.0233145067373
0.0238423245652
0.0246212730328
0.092679417997
0.0675288426657
0.0514585112882
0.0413488392678
0.0346235124114
0.0299603323268
0.0266473731851
0.0242640780322
0.0225415362573
0.0212969383772
0.0203984428858
0.019746674266
0.0192645328347
0.0188924323207
0.018585756933
0.018313447571
0.0180568503731
0.017809560077
0.0175802912255
0.01740307926
0.0173599074729
0.0175806402672
0.0181434755363
0.0189773162115
0.0850251450597
0.0340746589954
0.0230927558201
0.0182399304804
0.0152379665048
0.0131963109067
0.0117555954459
0.0107217108564
0.00997580441665
0.00943971625819
0.00905529190438
0.00877784311532
0.00857219319964
0.00841073241609
0.00827264314544
0.00814312265782
0.00801316977293
0.00787886623615
0.00774427110136
0.00763092659001
0.00759712742877
0.00772682987618
0.00805030124498
0.00850030687078
0.0507529216639
0.0506767086241
0.0505267455189
0.0503088483866
0.0500312459397
0.049703194317
0.049333641693
0.0489302057379
0.0484984138517
0.0480412136654
0.0475586148579
0.0470474157254
0.0465009431247
0.0459087887143
0.0452565635887
0.0445257035585
0.0436935320478
0.0427340246722
0.0416196243142
0.0403242788062
0.0388269589088
0.0371116048726
0.0351508578743
0.0328408025635
0.0508416050324
0.0507607814905
0.0506016673187
0.0503713264655
0.050079461912
0.0497367096806
0.0493531110449
0.0489370233241
0.0484943978526
0.048028357372
0.0475389229341
0.0470228201569
0.0464733066488
0.0458800073094
0.0452288182819
0.0445019448764
0.043678338545
0.0427351229464
0.0416505486119
0.0404088811771
0.0390067972944
0.0374577151627
0.0357799128623
0.0339299393496
0.0510320806069
0.0509402237437
0.0507601114087
0.050501902485
0.0501787694691
0.049804439091
0.0493912711841
0.0489490861984
0.0484845728984
0.0480010583821
0.0474984374131
0.0469731650348
0.0464182624046
0.0458233543059
0.0451748495872
0.0444564382082
0.0436503040349
0.0427398116027
0.0417144741772
0.0405778244512
0.0393571481664
0.0381088945717
0.0368931103496
0.035696489266
0.0513481736527
0.0512348647834
0.0510162502491
0.050708796623
0.050332261447
0.0499057897067
0.0494454142342
0.0489629548975
0.048465818445
0.0479572142829
0.0474364737322
0.0468993617875
0.0463383600278
0.045742999851
0.0451004613323
0.0443967630509
0.0436190852541
0.0427601350182
0.0418252791671
0.0408420676898
0.0398678841769
0.0389844654982
0.0382459698906
0.037607673276
0.0513639048291
0.051249773217
0.0510297471762
0.0507205314315
0.0503420927986
0.0499137461698
0.0494516757226
0.0489677970858
0.0484695534294
0.0479601411468
0.0474388400247
0.046901357152
0.0463401261493
0.0457446366753
0.0451020371779
0.0443983449952
0.0436207386804
0.0427619213466
0.0418272459645
0.0408442255636
0.039870205758
0.0389868774137
0.0382483173994
0.0376097325899
0.0510420760919
0.0509497280991
0.0507687784603
0.0505095280389
0.0501852671538
0.0498098048839
0.0493955864907
0.0489524968361
0.0484872614691
0.0480032089977
0.0475002088577
0.0469746831913
0.0464196242685
0.0458246313712
0.0451760914568
0.0444576956614
0.0436516302289
0.0427412602429
0.0417160946951
0.0405796449834
0.0393591731212
0.0381110795412
0.0368953011577
0.0356983945745
0.0508471018654
0.050766002355
0.0506064399038
0.0503755554086
0.0500831081314
0.0497397658492
0.0493556089
0.0489390303229
0.0484960064186
0.0480296642135
0.0475400148697
0.0470237680185
0.0464741663358
0.0458808210313
0.0452296167825
0.0445027588223
0.0436792023317
0.0427360723082
0.0416516207015
0.040410106299
0.0390081995416
0.0374592941951
0.0357815897418
0.0339315081195
0.050754673364
0.0506783669582
0.0505282608497
0.0503101954699
0.0500324146513
0.0497041818676
0.0493344561805
0.0489308665013
0.0484989483915
0.0480416517446
0.0475589838119
0.0470477383518
0.0465012375219
0.0459090688293
0.0452568397651
0.0445259860479
0.0436938326647
0.042734356022
0.041620000146
0.0403247121921
0.0388274626986
0.037112186215
0.0351515068665
0.0328414601458
0.085025688515
0.0340949094909
0.0231324596909
0.0182743768143
0.0152582498665
0.013205337968
0.0117584068445
0.0107217878037
0.00997499389947
0.00943884814133
0.00905470851824
0.0087776628789
0.00857238359599
0.00841121629582
0.00827334640492
0.00814399533972
0.00801419374661
0.00788003158054
0.00774559009485
0.00763239993635
0.00759874423091
0.00772850613312
0.00805184790872
0.00850156552725
0.0926805173448
0.0675412679673
0.0514895120995
0.0413872254135
0.0346548455581
0.0299789963266
0.0266555166719
0.0242660938895
0.0225409036542
0.0212956526095
0.0203974376266
0.019746294679
0.0192648173783
0.018893297478
0.0185870939063
0.0183151766956
0.0180589397943
0.0178119976092
0.0175830882872
0.0174061745764
0.0173632852668
0.0175842238483
0.0181469358565
0.0189803028684
0.0932334174557
0.0765586734702
0.0624432103097
0.0518402384104
0.0440938857801
0.0384479461938
0.0343239357824
0.0313087702742
0.0291073588987
0.0275054400484
0.0263439118522
0.025501384354
0.0248842191496
0.0244207126294
0.024057731929
0.0237586094182
0.0235019912499
0.0232811020157
0.0231065821145
0.0230119481991
0.0230569209905
0.023318407009
0.0238461009219
0.0246246165032
0.0934741613531
0.0799473011475
0.0677628099949
0.0577842481788
0.0499946083753
0.0440548973005
0.0395831345006
0.0362453090975
0.0337720729628
0.03195242525
0.0306226851122
0.0296546245222
0.0289482672431
0.0284267294847
0.0280328710417
0.0277269336603
0.0274849612929
0.0272980676398
0.0271732226022
0.0271355023388
0.027226314092
0.0274961758895
0.0279843823501
0.0286987768241
0.0936701762783
0.0816044865912
0.070718692631
0.0614818194382
0.0539835621798
0.0480734649278
0.0435076181341
0.0400317235336
0.037416838639
0.0354700679879
0.0340345329889
0.0329839684972
0.0322179272043
0.0316583388741
0.0312465667902
0.030941071684
0.0307155843624
0.030558035615
0.0304703710838
0.030468953636
0.0305829178446
0.0308500839918
0.0313061128418
0.031965934204
0.0938215977132
0.0825541287511
0.0725136168767
0.0639015691283
0.0567700211714
0.0510296147421
0.0465102394216
0.0430142478576
0.0403491603831
0.0383433400893
0.0368510761153
0.0357527652047
0.0349510424383
0.0343692135376
0.0339488465344
0.0336476247345
0.0334374684011
0.033303219516
0.0332420708429
0.0332635543622
0.0333889715305
0.0336488669861
0.0340743028213
0.0346764123184
0.0939281751413
0.0831405043748
0.0736598517714
0.0655313115586
0.0587470185291
0.0532236784433
0.048822477925
0.0453788810488
0.0427267025575
0.040712671128
0.0392029574782
0.0380854092016
0.0372681177146
0.0366772560422
0.0362557919655
0.0359614915134
0.0357650998216
0.0356489774167
0.0356064674211
0.0356419990542
0.0357711964762
0.0360188771404
0.0364102577486
0.0369500718363
0.0939933507061
0.0835011636989
0.0743952979543
0.0666305089736
0.0601465870861
0.0548454286436
0.0505952821435
0.0472469481991
0.0446501808539
0.0426651596841
0.0411684441789
0.0400549373806
0.039238549833
0.0386495555826
0.0382331053398
0.0379477803921
0.037763846849
0.037661932769
0.037632466657
0.0376759702711
0.0378034489002
0.0380344900756
0.0383885714917
0.0388659758479
0.0940187403995
0.0836935872323
0.0748328174683
0.0673378728023
0.0611062938351
0.0560171115752
0.0519318311074
0.0487042688493
0.0461916164198
0.0442626134347
0.0428018587962
0.0417111407538
0.0409090488517
0.0403305962683
0.0399239891082
0.0396492346956
0.0394767845513
0.0393862667137
0.0393659981423
0.0394133959127
0.0395354920125
0.0397472105351
0.0400635306668
0.0404833505627
0.094000163564
0.0837324265537
0.0750168551366
0.0677208409403
0.0617037690083
0.0568160407595
0.052903219214
0.0498136213808
0.0474056305076
0.0455526654586
0.0441452954956
0.0430912957323
0.0423145879866
0.0417536063122
0.0413603730645
0.0410972499999
0.0409354712914
0.0408543148903
0.0408406512168
0.0408894062595
0.041004217359
0.0411961591037
0.0414773104734
0.0418474530492
0.0939211512864
0.0835943021163
0.0749413652202
0.0677973321722
0.0619755095204
0.0572885464797
0.0535583450429
0.0506220591576
0.0483354020393
0.04657411163
0.0452334815081
0.0442266912892
0.0434829050299
0.0429451074495
0.0425679862951
0.0423168156825
0.0421647460623
0.042091266779
0.0420823658631
0.0421310298755
0.0422381095681
0.0424117492858
0.0426625326522
0.0429921773227
0.0937347219388
0.0831990718187
0.0745463993362
0.0675434796304
0.0619279937196
0.0574599320982
0.0539315480729
0.0511663822763
0.0490167073516
0.0473601444287
0.0460966056406
0.0451446765255
0.0444389111324
0.043927104467
0.0435679389483
0.043328888937
0.0431850063119
0.0431173678948
0.0431115779767
0.0431592170789
0.0432589944435
0.0434169913895
0.043643263327
0.0439416002876
0.0933044849668
0.0823573524887
0.0737009048775
0.0668972632229
0.0615480147327
0.0573442870536
0.0540494602307
0.0514776755257
0.0494808128617
0.0479404563886
0.0467620356344
0.0458701255532
0.0452052286132
0.0447203263325
0.0443784400983
0.0441504627219
0.0440133564895
0.0439490203064
0.043944246243
0.0439897590702
0.0440827761159
0.0442280387194
0.0444356083061
0.0447107648151
0.0921906713442
0.0806599455673
0.0721878607246
0.0657744892836
0.060818243742
0.0569549504308
0.0539383174286
0.0515861540432
0.0497577572515
0.0483429362501
0.0472550720885
0.0464261330276
0.0458028835985
0.0453438629207
0.0450169340904
0.0447967272827
0.0446630064752
0.0445993156758
0.0445924381708
0.0446337936808
0.0447198630493
0.0448546432821
0.0450484242612
0.0453069578189
0.0887838646033
0.077322933154
0.0697525066988
0.0641177823271
0.0597475552648
0.0563211827446
0.0536320249388
0.0515249824118
0.0498781570937
0.0485952247624
0.0476004030665
0.0468344587632
0.0462513531677
0.0458155069015
0.045499455287
0.0452820212929
0.0451461272746
0.0450775805224
0.0450645277008
0.0450982044121
0.045175607682
0.0453007038768
0.0454840825456
0.045730858727
0.076439168808
0.071463208917
0.0663892426872
0.0620159644518
0.0584125246731
0.0555019585747
0.0531771001342
0.0513321837078
0.049873925822
0.0487246561494
0.0478218416037
0.0471161665127
0.0465692760229
0.0461516870102
0.0458408518244
0.0456194475795
0.0454737724624
0.0453924825305
0.0453657322155
0.0453861137718
0.045450894617
0.0455649271601
0.0457392229028
0.0459773701172
0.068791291409
0.0662849486233
0.0630075567498
0.0597982948968
0.0569656909034
0.0545838578821
0.0526304912221
0.0510492218197
0.0497774565822
0.0487578621814
0.0479421059137
0.0472911695878
0.0467744248826
0.0463683246963
0.0460550217303
0.0458210527634
0.045656016953
0.045551473785
0.0455004370156
0.0454979149612
0.0455431089597
0.0456418532777
0.0458058286363
0.0460366456863
0.0635824013935
0.0621582522748
0.0600152321489
0.0577119202487
0.0555502650367
0.053654107231
0.0520494182798
0.0507166248636
0.0496195700217
0.0487197589145
0.0479823522891
0.0473781050883
0.0468835847224
0.0464806511359
0.0461556769135
0.0458986713936
0.0457023765239
0.0455614962122
0.0454723485266
0.0454335126459
0.0454477960881
0.0455236378396
0.0456732080807
0.0458962396471
0.0598364423189
0.0589592029037
0.057529844117
0.0558882876258
0.0542653251968
0.0527815151626
0.0514818960219
0.0503693412891
0.0494272427887
0.048632469489
0.0479617113493
0.0473941877808
0.0469126377052
0.0465034618302
0.0461564676658
0.0458644950772
0.0456230497657
0.0454299886443
0.0452855570892
0.0451932153398
0.0451611997947
0.0452027114978
0.0453312140857
0.0455446385312
0.0570892350509
0.056520680072
0.0555485733147
0.0543759789217
0.053163515037
0.0520096921451
0.0509617659481
0.0500338496777
0.0492220862608
0.0485145909223
0.0478969823021
0.0473551734471
0.0468767261836
0.0464514293018
0.0460714907133
0.0457317057118
0.0454297005964
0.0451662655626
0.0449461014069
0.0447790987165
0.0446814342336
0.0446737955089
0.0447731463085
0.0449765414729
0.055076939685
0.0546946177662
0.0540192110007
0.0531721300601
0.0522605546173
0.0513586389051
0.050508255681
0.0497275374629
0.0490199333824
0.0483809923207
0.0478026123928
0.0472754853333
0.0467904840495
0.0463394668018
0.0459158425376
0.045515262281
0.0451365106273
0.0447827678116
0.0444634947203
0.0441966387696
0.0440094412478
0.0439341259302
0.0439959269873
0.0441920709586
0.0536194524011
0.0533531751403
0.0528708315278
0.0522455345409
0.0515475434009
0.0508304425925
0.0501284731119
0.0494598080328
0.0488313992822
0.0482431710204
0.0476909675768
0.0471684430553
0.0466682861065
0.0461830883797
0.0457061707316
0.0452327140315
0.0447613513741
0.0442965681036
0.0438522695202
0.0434556110224
0.0431481971589
0.0429789640391
0.0429889625786
0.0431768023686
0.0525804545725
0.0523872597752
0.052029880786
0.0515528679989
0.0510022046245
0.0504160059286
0.0498212094136
0.0492342145573
0.0486631047604
0.0481099730503
0.0475727523289
0.0470465255694
0.046524482121
0.0459987089545
0.0454611400156
0.044904998454
0.0443270352209
0.0437311906392
0.043134167064
0.042571726246
0.0421014282424
0.0417929990011
0.0417099233234
0.0418578282813
0.0518540170754
0.0517067946536
0.051429501872
0.0510497927859
0.0505981569049
0.0501018100601
0.0495816896163
0.0490518727012
0.0485202750282
0.0479897229463
0.0474589178449
0.0469232263703
0.0463753133834
0.0458057440146
0.0452038826775
0.0445594468534
0.043865178871
0.0431215723964
0.0423442618736
0.0415729966707
0.0408766814392
0.0403422247724
0.0400453264067
0.040005058262
0.00897605501623
0.00955846548171
0.0105986065077
0.0118858401566
0.0198250790492
0.0206926722318
0.022045784078
0.0229086265891
0.0254320961161
0.026293212964
0.0272386799484
0.0278793619205
0.0294226154443
0.0301684660378
0.0308866181564
0.0314942418303
0.0325987585935
0.0331964019292
0.0338306389987
0.0343315808919
0.0352077612727
0.0356639145894
0.0362258691502
0.0365751878053
0.0373839807789
0.0377272397712
0.0381959215389
0.0384072517859
0.0392181544159
0.039478150387
0.0398501378103
0.0399551698169
0.040772345878
0.0409747039634
0.0412598761955
0.0412861489494
0.0420896495334
0.0422550060553
0.0424604422792
0.0424292045317
0.0432018565848
0.0433405222316
0.0434785579086
0.0434082816231
0.0441316585458
0.0442538714498
0.0443359330301
0.0442370677353
0.0448923637896
0.0450071185646
0.0450445987132
0.0449240854246
0.0454900261996
0.045605560362
0.0456099397238
0.0454735156001
0.0459250982214
0.0460504505161
0.0460337970152
0.0458860033774
0.0461931098956
0.046339651491
0.0463157758081
0.0461596311041
0.0462851585079
0.0464679491758
0.046454053336
0.0462902047161
0.0461886950878
0.0464269318521
0.0464450584775
0.0462711611858
0.045890611861
0.0462057908139
0.0462821881203
0.0460931128449
0.0453848104698
0.0457965009419
0.0459550718776
0.0457425649379
0.0446765372507
0.0452063959198
0.045452626739
0.0451982007892
0.0437640654616
0.0444702085559
0.0447814453738
0.0444193237294
0.042558846264
0.0435763871869
0.0439899427831
0.0433105341398
0.0407733782318
0.0421117402423
0.0428944259765
0.0416103960204
0.0142510937995
0.0140392263436
0.0139709525421
0.0148076841025
0.0286864715054
0.0292314306847
0.0292851371207
0.0295737287652
0.0347625106296
0.0359086491302
0.0359482618612
0.0355114235158
0.0381427870304
0.0397870474322
0.0400420200401
0.038990320037
0.0362710786611
0.0330356264405
0.027264906961
0.0136548643047
0.0339382411244
0.0307551588547
0.0252033413966
0.0122537870846
0.0316242196245
0.0283220014563
0.0227313452298
0.010769945796
0.0300807961088
0.0266097180432
0.0208997473307
0.00963422197372
0.0300813407936
0.0266100556005
0.0208998564712
0.00963463970909
0.0316253661488
0.0283226015439
0.0227312883134
0.010770496049
0.0339395445734
0.0307558934414
0.0252035020854
0.0122545739387
0.0362725840421
0.033036885811
0.0272662109509
0.0136566517497
0.0381449846548
0.0347643842551
0.028689378045
0.0142560411003
0.039788747077
0.035911386142
0.0292358189867
0.014043575849
0.0400461972785
0.035952279198
0.0292888909825
0.0139720830422
0.038993611542
0.0355145435778
0.0295762116106
0.0148074807398
0.0416135758848
0.0428981053319
0.0421136152323
0.0407759189597
0.0433132949909
0.0439925070954
0.0435785651953
0.0425611107855
0.0444217908533
0.0447836395939
0.0444722480027
0.0437660771861
0.0452004984847
0.0454547504023
0.0452084014016
0.0446783840937
0.0457447940663
0.0459572059389
0.0457985244348
0.0453866062511
0.0460953260631
0.0462843678327
0.0462078681998
0.0458924425881
0.0462733589004
0.0464472938173
0.0464290926885
0.0461906246326
0.0462923668625
0.046456332348
0.0464702063378
0.0462872297696
0.0461617390164
0.0463180753633
0.0463420048306
0.0461953530577
0.0458880442079
0.0460360920602
0.0460528905955
0.0459275176785
0.0454754818937
0.0456122105959
0.0456080673796
0.0454926067581
0.0449259711926
0.0450468311695
0.0450096686096
0.0448950758569
0.044238867646
0.0443381189816
0.0442564423554
0.0441344716158
0.0434099816241
0.0434806892603
0.0433431009254
0.0432047436446
0.0424308037605
0.0424625039491
0.0422575611389
0.042092578505
0.0412876334904
0.0412618471457
0.0409772098967
0.0407752846108
0.0399565145848
0.039851984174
0.0394805707699
0.039221075121
0.0384084458101
0.0381976427442
0.0377295672566
0.0373868692315
0.0365762514618
0.0362274812652
0.0356661586481
0.035210630424
0.0343325197962
0.0338321423127
0.033198575205
0.032601629466
0.0314950116889
0.0308879598372
0.0301705388969
0.0294254485241
0.0278798212936
0.0272397112104
0.0262950587492
0.0254347613625
0.0229086644205
0.0220463295706
0.0206940071973
0.0198273063285
0.0118854214303
0.0105982985777
0.0095587739447
0.0089768903381
0.00881188530653
0.00885759797473
0.00981537556637
0.0117356103698
0.0198941851212
0.0199037286213
0.0211567927139
0.0225356308884
0.0257176818245
0.025868984674
0.0267592987729
0.0277488731916
0.0297676798378
0.0299196195278
0.0305667515174
0.0313499760635
0.0329122383287
0.0330182425898
0.0334900701899
0.0341036865029
0.0354686689987
0.0355199412686
0.0358583355386
0.0363332782929
0.0375933533293
0.0375953897182
0.0378314493738
0.0381969804434
0.0393770278938
0.0393406586239
0.0394990293387
0.0397785592768
0.0408777547422
0.040815670615
0.0409174587975
0.0411341044106
0.0421348446218
0.042060051884
0.0421233028512
0.0422957693189
0.0431755770482
0.043100824325
0.0431411620567
0.0432847449219
0.0440186604023
0.0439563956278
0.0439877219376
0.0441151097226
0.0446760954645
0.0446386484689
0.0446738285453
0.0447961454503
0.0451542422711
0.0451540744198
0.0452054664519
0.0453328809438
0.0454545205581
0.0455044742615
0.0455843489418
0.0457265710899
0.0455737412904
0.0456873324137
0.0458082868577
0.0459751398178
0.0455039379467
0.0456957650536
0.0458712700354
0.0460733782073
0.0452316451292
0.0455179222376
0.0457630980813
0.0460127811762
0.0447363267598
0.0451355920707
0.0454681669191
0.0457806671587
0.0439890164355
0.0445216157205
0.0449625813246
0.0453577670987
0.0429486131471
0.043633562486
0.0442079321038
0.0447125270998
0.0415568993691
0.04240471584
0.0431401509982
0.0437881394566
0.0397403978526
0.0407333515058
0.0416503217884
0.0424749160539
0.0374227055024
0.0384606374602
0.039545544249
0.0405527543166
0.0126217346782
0.0136967000679
0.0147005542956
0.015327037666
0.0257228702583
0.0270488233649
0.028328845796
0.0292700348388
0.0312223598582
0.0324816516664
0.0337430028481
0.0347859440788
0.0346315556233
0.0357496382883
0.036940683737
0.0380093074403
0.0334906151452
0.0300207675847
0.0244797351795
0.0117278398662
0.0325599789707
0.0290607094711
0.0235358774729
0.0111695984998
0.0319397556861
0.0284228662042
0.0229242912324
0.0108248789764
0.0316313977536
0.0281074581136
0.022626162109
0.0106590857799
0.0316315041732
0.028107592798
0.0226263326543
0.0106592079869
0.0319400866276
0.0284232812364
0.0229248136494
0.0108252423305
0.0325605791499
0.0290614509776
0.0235368178132
0.0111702619778
0.0334914968989
0.0300218532798
0.0244811195247
0.0117288788427
0.034632569264
0.0312236724512
0.0257245037022
0.0126233027722
0.0357509723359
0.0324832628419
0.0270506576628
0.0136982749267
0.0369424566846
0.033744962263
0.0283308178885
0.0147016167854
0.0380116704243
0.0347883281001
0.0292721183977
0.0153274812478
0.0405550106603
0.0395471614512
0.0384618188414
0.0374236253354
0.0424769764802
0.0416518097189
0.0407344518096
0.0397413764913
0.0437900416457
0.0431415353941
0.0424057337889
0.0415580508786
0.0447143754817
0.0442093817668
0.0436349265982
0.0429503864933
0.0453596696608
0.0449642881977
0.0445235979193
0.0439910753672
0.0457826361814
0.04547003227
0.0451376031668
0.0447377342856
0.0460147410594
0.0457648862364
0.0455195185409
0.0452325147593
0.0460752681118
0.0458729064866
0.045697078351
0.0455047449922
0.0459769408557
0.0458097980441
0.0456885167894
0.0455745674815
0.0457282817424
0.0455857650719
0.0455055925173
0.0454553600975
0.0453345019565
0.0452067995659
0.0451551315529
0.0451550551015
0.0447976760507
0.0446750791764
0.0446396311322
0.044676838415
0.0441165472648
0.0439888905725
0.0439573055321
0.0440193328724
0.0432860834678
0.043142249134
0.0431016717908
0.0431762044867
0.0422970048059
0.04212430627
0.0420608391901
0.0421354354704
0.041135231746
0.040918374092
0.0408163933625
0.0408783010916
0.0397795653601
0.0394998492691
0.0393413105152
0.0393775204168
0.0381978525678
0.0378321644822
0.0375959647584
0.0375937843816
0.0363340084815
0.0358589351332
0.0355204334215
0.0354690345127
0.0341042533963
0.033490540774
0.0330186488952
0.0329125400847
0.0313503544469
0.0305670789658
0.0299199402996
0.0297679209949
0.0277490371754
0.0267594682481
0.0258692245026
0.0257178621016
0.0225355154933
0.0211568013606
0.0199039119215
0.0198943167778
0.0117351533302
0.00981524219784
0.00885764615217
0.00881193256257
0.00923392764136
0.0204259314477
0.0259266100637
0.0297551427733
0.0327540089199
0.0352100213871
0.0372568155176
0.0389688856772
0.0403928762977
0.0415603676416
0.042493864124
0.0432098869601
0.0437206833956
0.04403523797
0.0441599450362
0.0440991074118
0.0438553887479
0.0434304294789
0.0428258453033
0.0420449761068
0.0410961884904
0.0399991136921
0.0387959310436
0.0375740799909
0.00919451449041
0.0203558696948
0.0258607143235
0.0296941818153
0.0326979640353
0.0351598771961
0.0372143505654
0.0389365490543
0.040373769065
0.0415582992141
0.0425134759864
0.0432568415658
0.0438019311009
0.0441593817239
0.0443377385699
0.0443441550485
0.0441851224876
0.0438674677393
0.0433998756201
0.0427952447572
0.0420744440756
0.041272691946
0.0404439198315
0.0396622441847
0.00915680166104
0.0202903435977
0.0257909032156
0.0296253999173
0.0326322935075
0.035099110656
0.0371606129969
0.0388924940698
0.0403426639847
0.0415441029729
0.0425209617968
0.0432917732225
0.0438712932503
0.0442716769053
0.0445033800928
0.0445759789074
0.0444990400827
0.0442832913761
0.0439423314439
0.0434950358285
0.0429686031006
0.0424023598189
0.0418478843401
0.0413680503206
0.00911605086359
0.0202174291623
0.0257090265973
0.0295413373876
0.0325491823814
0.0350193323091
0.0370866198604
0.0388271576389
0.0402894090173
0.0415069790769
0.0425047508255
0.0433021582099
0.0439150601401
0.0443569064963
0.0446397295222
0.0447750191219
0.0447746154728
0.0446519514
0.0444235490863
0.0441110454578
0.043743490442
0.0433583265816
0.0430018299295
0.0427238408991
0.00906971903946
0.0201327654364
0.0256113753995
0.0294384180033
0.0324447256026
0.0349160599281
0.036987165756
0.0387345150448
0.0402070607357
0.0414389522663
0.0424557009647
0.0432775141435
0.043921245306
0.0444013001734
0.0447310347822
0.0449233440398
0.0449916029933
0.0449507667712
0.044818721158
0.0446178269615
0.0443763425926
0.0441281735984
0.0439128597084
0.0437688522329
0.0090159925684
0.020032778667
0.0254940164703
0.0293123516403
0.0323140931287
0.0347838564935
0.0368561691795
0.0386077484899
0.0400879429703
0.0413314389651
0.042364201692
0.043207152322
0.0438778764989
0.0443917515893
0.0447629526322
0.0450052767622
0.0451329871488
0.0451617615739
0.0451098034461
0.0449989810886
0.0448554698571
0.044709629867
0.0445943877153
0.0445393908647
0.00895331380005
0.0199141292504
0.0253527620803
0.0291582349945
0.0321516168791
0.0346163160832
0.0366865783828
0.038439140863
0.0399235842584
0.0411750651794
0.0422201912755
0.0430803679794
0.0437736823265
0.0443161148726
0.0447224420848
0.04500701262
0.045184519171
0.045270805381
0.0452837479757
0.0452440689021
0.0451756549285
0.0451054468877
0.0450609654494
0.0450653096564
0.00888060293609
0.0197733493945
0.0251826317863
0.0289700934875
0.0319506682225
0.0344059961141
0.0364701251062
0.038219788682
0.0397047762603
0.0409604671727
0.0420138358088
0.0428866826669
0.043597500771
0.0441626777484
0.044597373456
0.0449162290908
0.0451340525598
0.0452665096919
0.0453308168385
0.0453463124028
0.0453348485406
0.0453202084925
0.0453257714882
0.0453700143048
0.008797818502
0.0196048732946
0.0249768266566
0.0287403469733
0.0317029230462
0.0341444376927
0.0361982284658
0.0379408566436
0.0394221570049
0.0406776907425
0.0417346902681
0.0426152371121
0.0433381174126
0.0439199874278
0.0443762197477
0.044721570791
0.0449707781277
0.045139147465
0.0452431000894
0.045300701907
0.0453319686296
0.0453580435358
0.0453991712784
0.0454707368751
0.00870196757236
0.0194017267177
0.0247275631575
0.0284608563811
0.0314001188213
0.0338228072342
0.0358614507577
0.0375923582006
0.0390653085933
0.0403159382377
0.0413716471836
0.0422546985276
0.0429840566811
0.0435765410191
0.0440476291614
0.0444120837804
0.0446844806645
0.0448797000936
0.0450133577107
0.0451024970216
0.0451655021619
0.0452214067566
0.0452881478059
0.0453790702321
0.00858811572023
0.0191579966384
0.0244271716077
0.028122732514
0.0310324430661
0.0334307120994
0.035448955287
0.037163070749
0.0386226966937
0.039863444221
0.0409127674799
0.0417930228038
0.0425232703092
0.0431204130331
0.0435999676137
0.0439766478656
0.0442648402961
0.0444790183253
0.0446340929379
0.0447462792437
0.0448326291934
0.0449105267227
0.0449962163089
0.0451017809449
0.00845219907094
0.018865603565
0.0240660032601
0.0277153159357
0.0305884780836
0.032956191639
0.0349484162355
0.0366403973935
0.0380815005007
0.0393072241621
0.0403449796946
0.0412171355323
0.0419427832064
0.0425388494127
0.0430208459914
0.043403419483
0.0437007814675
0.0439270575328
0.0440966782279
0.044225162351
0.0443285218741
0.0444229010578
0.0445233072387
0.0446411600718
0.00828999369438
0.0185155499047
0.0236328840084
0.0272262600278
0.0300551309291
0.0323856044791
0.0343457930105
0.03601004159
0.0374272642749
0.0386327312967
0.0396537272709
0.0405125557516
0.0412282782558
0.0418178018204
0.042296608448
0.0426792786255
0.0429798827394
0.0432122485644
0.0433906999626
0.0435300833882
0.0436456753786
0.0437527475875
0.0438654877847
0.043995075795
0.00809688380139
0.0180977060496
0.0231148698761
0.0266411783136
0.0294171700971
0.0317031855591
0.0336249563277
0.0352556409291
0.0366435036952
0.0378234423929
0.0388225186058
0.0396629002046
0.0403635651499
0.0409413651924
0.0414117369883
0.0417892063487
0.0420877528361
0.0423210384758
0.0425033576876
0.0426491899626
0.0427733271701
0.0428905028449
0.0430145024324
0.0431565883653
0.00786652374273
0.0175983662688
0.0224962403918
0.0259430410374
0.0286567242371
0.0308905405292
0.0327671838429
0.0343582603609
0.0357111585375
0.0368602533608
0.0378322821564
0.0386492061498
0.0393298690908
0.0398910342896
0.0403480786702
0.0407154822575
0.0410071744128
0.0412367789925
0.04141867062
0.0415671537949
0.0416968307482
0.0418222390303
0.0419571447028
0.0421132480065
0.00759185932998
0.0170020117359
0.0217584150685
0.0251116979121
0.0277527180661
0.0299260064832
0.0317504226565
0.0332955794053
0.0346077306951
0.0357205696947
0.0366604069905
0.0374489269171
0.0381047883636
0.0386446303436
0.0390837488272
0.0394365704729
0.0397169502891
0.0399387723984
0.0401163721001
0.0402641036453
0.0403966381672
0.0405286629396
0.0406742926497
0.0408461199315
0.00726432377678
0.0162901412932
0.020879050081
0.0241229239488
0.0266798448575
0.0287835574284
0.0305481095429
0.0320406095569
0.0333058989798
0.0343768307355
0.035279190625
0.0360343175854
0.0366606319457
0.0371746040664
0.0375914145449
0.0379254152652
0.0381903828855
0.0384005402437
0.0385702146898
0.0387139492944
0.0388466665549
0.0389834930709
0.0391392875182
0.0393281150148
0.00687300701188
0.0154393045612
0.0198304399713
0.0229468650133
0.025406908241
0.0274309641946
0.0291271217553
0.0305594388584
0.0317710785604
0.0327939140075
0.0336531192785
0.0343696198887
0.0349615343899
0.0354451026787
0.035835330573
0.0361464435687
0.0363921459097
0.0365869203921
0.0367451233219
0.0368815652037
0.0370115217904
0.0371507217438
0.0373151291566
0.0375209590357
0.00640399296461
0.014419779082
0.0185773344776
0.0215454701097
0.0238938359101
0.0258263315937
0.0274438421785
0.0288068761842
0.0299567149452
0.0309241504026
0.0317336682984
0.0324057016638
0.0329579799885
0.0334064176699
0.0337657457061
0.0340499621624
0.0342726652421
0.0344484414618
0.0345916648006
0.0347173594822
0.0348411469759
0.0349793509191
0.0351491422829
0.0353694121396
0.00583759657337
0.0131903609679
0.0170722335927
0.0198671994568
0.0220853399573
0.0239106097478
0.0254356235862
0.0267170452328
0.0277941884164
0.0286966957985
0.0294482680277
0.0300687193286
0.0305752437196
0.0309832698861
0.0313070794849
0.031560172407
0.0317562973342
0.0319095451111
0.0320342949521
0.0321456427298
0.0322593631207
0.032392063232
0.0325615729711
0.0327892073386
0.00514470066037
0.0116940656771
0.0152464377115
0.0178345007577
0.0198949404207
0.0215885822403
0.0229993143789
0.0241799851753
0.0251679282306
0.025991498541
0.026673388539
0.027232528966
0.0276852972448
0.0280463537062
0.0283292637775
0.0285468703112
0.0287125389373
0.0288397290645
0.0289425750179
0.0290359968806
0.0291354828714
0.0292571659112
0.0294176808482
0.0296382786943
0.00427241309361
0.00983421165471
0.0129794423733
0.0153025678207
0.0171535250651
0.0186690742289
0.0199249761525
0.0209703330025
0.0218401493657
0.0225609160427
0.0231536897357
0.0236359051914
0.0240225493141
0.0243269733023
0.024561498196
0.0247379841291
0.0248689453634
0.024966434005
0.0250441237966
0.0251163724567
0.0251976328687
0.0253025845844
0.0254426052645
0.0256313608027
0.00310953893553
0.00740024462841
0.0099572716108
0.0118632509365
0.013372624537
0.0145977736595
0.0156052649453
0.0164380899064
0.0171265821337
0.0176932338141
0.0181556782305
0.0185283450079
0.0188235419353
0.0190521674459
0.0192240215844
0.0193495114349
0.0194389112602
0.0195020158691
0.0195509868708
0.0195991341509
0.0196583715294
0.0197428301907
0.0198518919301
0.0199752117071
0.00150801195274
0.00318145737212
0.00440282141122
0.00529710996748
0.00599160725979
0.00654609448659
0.006998439214
0.00736959129602
0.00767451075213
0.00792362481411
0.00812510982957
0.00828552254734
0.0084104237457
0.00850478010795
0.00857344261218
0.00862310369128
0.00865711495568
0.008679650201
0.00869609904513
0.00871389323147
0.00873967313974
0.00878634578334
0.00884415133225
0.00888859425312
0.00901133712694
0.0199031183806
0.0252953611849
0.0290548896905
0.0320076263982
0.0344366439802
0.0364737186526
0.0381917709445
0.0396358453689
0.040835835658
0.0418124413594
0.0425801974401
0.0431490899235
0.0435253971841
0.0437120240331
0.0437084737957
0.0435104908974
0.0431092677777
0.0424900307618
0.0416295952785
0.0404920377413
0.0390206757923
0.0371220968628
0.0346263938709
0.00904287983755
0.0199757305131
0.0253852540216
0.0291549982118
0.0321141549634
0.0345467247129
0.0365848649447
0.0383017216169
0.0397425231535
0.0409373399285
0.0419070508683
0.0426663783819
0.0432255150158
0.0435909794976
0.0437659669619
0.0437503631896
0.0435404648203
0.0431283002117
0.0425004226378
0.0416358592013
0.0405025714408
0.0390511305004
0.0372026432431
0.0348206250839
0.00910568925478
0.0201192139184
0.025560348863
0.0293486972436
0.0323197061728
0.0347588082268
0.0367986989817
0.0385128815426
0.0399469164594
0.0411312129367
0.0420870011869
0.0428293762382
0.0433689336342
0.0437126513003
0.0438642986804
0.0438245391255
0.0435907901827
0.0431568062998
0.0425119267045
0.0416398442936
0.0405167088724
0.0391082353158
0.037365087473
0.0352148908801
0.00920601681558
0.0203423539987
0.0258192130946
0.0296306877846
0.0326173313414
0.035064892252
0.037106297415
0.0388154165286
0.0402382627939
0.0414057399449
0.0423395954806
0.0430554688386
0.0435645410696
0.0438744589548
0.0439898460439
0.0439125559318
0.0436417745774
0.0431740533075
0.0425033476851
0.0416212031194
0.0405174613035
0.0391821690891
0.0376098002597
0.0358092816877
0.00920606511558
0.0203424277247
0.0258192737738
0.0296307248781
0.0326173412101
0.0350648735406
0.0371062503445
0.0388153432677
0.0402381673477
0.0414056264905
0.0423394688067
0.0430553338544
0.0435644023966
0.0438743202952
0.043989711347
0.0439124296811
0.0436416615807
0.0431739593678
0.0425032809809
0.0416211809529
0.0405175130354
0.0391823385317
0.0376101605856
0.035809923297
0.00910572715061
0.020119270726
0.0255603964751
0.0293487282299
0.0323197177871
0.0347587992727
0.0367986695936
0.0385128330715
0.0399468515234
0.0411311342044
0.0420869116652
0.0428292791194
0.0433688322665
0.0437125486964
0.0438641981267
0.0438244441797
0.0435907045432
0.0431567340953
0.0425118737804
0.0416398201336
0.0405167301602
0.0391083295913
0.0373652957843
0.0352152938032
0.00904290053466
0.0199757633686
0.0253852832801
0.0291550187012
0.0321141643699
0.0345467220564
0.0365848499704
0.0383016949621
0.0397424860933
0.0409372939494
0.0419069974956
0.0426663195477
0.0432254527587
0.0435909159161
0.0437659040639
0.0437503033726
0.0435404105082
0.0431282543261
0.0425003891559
0.0416358427061
0.040502580579
0.039051180568
0.0372027517779
0.034820838611
0.00901134203837
0.0199031273193
0.0252953697953
0.0290548960836
0.0320076295297
0.0344366433935
0.0364737140837
0.0381917625018
0.0396358333789
0.0408358206213
0.0418124237457
0.0425801778975
0.04314906912
0.043525375868
0.0437120028669
0.0437084535936
0.0435104725252
0.0431092522911
0.0424900195225
0.0416295898047
0.0404920406452
0.0390206918189
0.0371221311573
0.0346264607109
0.0015080022101
0.00318143625682
0.00440279464542
0.00529708059209
0.00599157658564
0.00654606317421
0.00699840732541
0.00736955863472
0.00767447692621
0.00792358933162
0.00812507219053
0.00828548236929
0.00841038087421
0.00850473474721
0.00857339320525
0.00862304716596
0.00865704966699
0.00867958030428
0.00869602933876
0.00871383243029
0.00873963169416
0.00878633124499
0.00884416459151
0.00888863294381
0.00310952039797
0.00740020665694
0.00995722092697
0.0118631918443
0.0133725585264
0.0145977012111
0.0156051858938
0.0164380036698
0.0171264878314
0.0176931305935
0.0181555654906
0.0185282226503
0.018823411015
0.0190520302507
0.0192238821355
0.0193493654389
0.0194387528934
0.0195018523054
0.019550833584
0.0195990049657
0.0196582778216
0.0197427771877
0.0198518822594
0.0199752611288
0.00427238988012
0.00983416130756
0.0129793778486
0.015302492952
0.0171534403509
0.0186689792235
0.0199248700161
0.020970214783
0.0218400181592
0.0225607712391
0.0231535316212
0.0236357348404
0.0240223692178
0.0243267872635
0.0245613091927
0.0247377900579
0.024868741064
0.0249662282541
0.025043937872
0.0251162197141
0.0251975218879
0.0253025237586
0.0254426077631
0.0256314494376
0.00514467344836
0.0116940049104
0.0152463625032
0.0178344138235
0.0198948411265
0.021588469159
0.022999186019
0.024179840249
0.0251677659864
0.0259913187637
0.0266731923363
0.0272323188345
0.0276850765931
0.0280461271128
0.02832903512
0.0285466409289
0.0287123073825
0.0288395070598
0.0289423808747
0.0290358418802
0.0291353727115
0.0292571105941
0.0294177033039
0.0296384108437
0.00583756630368
0.0131902931146
0.0170721508041
0.0198671033486
0.0220852288082
0.0239104812471
0.0254354756761
0.0267168764058
0.0277939980667
0.0286964843314
0.0294480371045
0.0300684725643
0.0305749855264
0.0309830051855
0.0313068136518
0.0315599114556
0.0317560467442
0.031909316926
0.0320341020194
0.0321454925032
0.0322592610007
0.0323920211339
0.0325616213701
0.0327893839242
0.006403961022
0.0144197078872
0.0185772475353
0.0215453678922
0.0238937156399
0.0258261901744
0.0274436770803
0.0288066857794
0.0299564988326
0.0309239096113
0.0317334052929
0.0324054207329
0.0329576867125
0.0334061180088
0.0337654465613
0.0340496722945
0.0342723961775
0.0344482044841
0.0345914681983
0.0347172090292
0.0348410501243
0.0349793260452
0.0351492237496
0.0353696376819
0.006872974934
0.0154392338262
0.0198303525113
0.0229467599708
0.0254067817721
0.0274308124874
0.0291269419023
0.0305592291903
0.0317708389577
0.0327936461011
0.0336528264744
0.0343693073583
0.0349612087861
0.0354447715248
0.0358350024145
0.0361461287955
0.036391857129
0.0365866675082
0.0367449138277
0.0368814059584
0.0370114258819
0.0371507147418
0.0373152475499
0.0375212375625
0.00726429307604
0.0162900748369
0.0208789659816
0.0241228196573
0.0266797154111
0.0287833983669
0.0305479176603
0.0320403832172
0.0333056383733
0.0343765381089
0.0352788702505
0.036033975714
0.0366602763712
0.0371742437025
0.0375910593337
0.0379250760842
0.0381900715485
0.0384002667606
0.0385699874793
0.0387137787274
0.038846571082
0.0389835036863
0.0391394405738
0.0393284431845
0.00759183165997
0.0170019537371
0.0217583386398
0.0251115983588
0.0277525892845
0.0299258434661
0.0317502219952
0.0332953395335
0.0346074521237
0.0357202552217
0.0366600616798
0.0374485579618
0.0381044046845
0.0386442420173
0.0390833667847
0.0394362060494
0.0397166152556
0.0399384771113
0.0401161277836
0.0402639251585
0.040396548543
0.040528692892
0.0406744738268
0.0408464870566
0.00786650107198
0.0175983215947
0.0224961763667
0.0259429504998
0.0286566001096
0.0308903774365
0.0327669782789
0.0343580108449
0.0357108658573
0.0368599207745
0.0378319153658
0.0386488131089
0.0393294595871
0.0398906193234
0.0403476699405
0.0407150915873
0.0410068138691
0.0412364614896
0.0414184110282
0.0415669727426
0.0416967551681
0.0418222940088
0.0419573459915
0.0421136388695
0.00809686848958
0.0180976799614
0.0231148226748
0.0266411006799
0.0294170544802
0.0317030264665
0.0336247502085
0.0352553863476
0.0366432016339
0.0378230964474
0.0388221349376
0.0396624872993
0.040363133361
0.0409409261357
0.0414113029437
0.0417887898046
0.0420873669923
0.0423206985867
0.0425030831141
0.0426490078942
0.0427732694621
0.0428905869556
0.0430147154488
0.0431569892976
0.00828998628765
0.0185155451381
0.0236328556029
0.0272261974619
0.0300550267179
0.0323854531217
0.0343455907581
0.0360097868667
0.0374269581495
0.03863237759
0.0396533324311
0.0405121285529
0.0412278293056
0.0418173430109
0.0422961523606
0.0426788383289
0.0429794723606
0.0432118850531
0.0433904059787
0.0435298899886
0.0436456169237
0.0437528342899
0.0438657036519
0.0439955035971
0.00845217764753
0.0188656150675
0.0240659910323
0.0277152680179
0.0305883868007
0.0329560511519
0.0349482220183
0.0366401473243
0.0380811956767
0.0393068686301
0.0403445800925
0.0412167007022
0.041942323705
0.0425383770413
0.0430203732901
0.0434029596796
0.0437003489604
0.0439266695531
0.0440963572483
0.0442249376298
0.044328423596
0.0444229405268
0.0445235275203
0.0446416589751
0.00858809813927
0.0191580220147
0.0244271730079
0.0281226979633
0.0310323656707
0.0334305857736
0.0354487733578
0.0371628296853
0.0386223979352
0.0398630924263
0.0409123695888
0.0417925875754
0.0425228079548
0.0431199348961
0.0435994857973
0.0439761752043
0.0442643907916
0.0444786082571
0.0446337430681
0.0447460150451
0.0448324783854
0.0449105164769
0.0449964495886
0.0451023488032
0.00870194980177
0.0194017628178
0.0247275752794
0.0284608328081
0.0314000569208
0.0338227009816
0.0358612868777
0.0375921297306
0.0390650190917
0.0403155944623
0.0413712568042
0.0422542700689
0.0429835996846
0.0435760660169
0.04404714739
0.0444116072422
0.0446840223994
0.044879275444
0.0450129866679
0.0451022062403
0.0451653238969
0.0452213833847
0.0452883832999
0.0453796456904
0.00879781999477
0.0196049002131
0.024976841808
0.028740327466
0.0317028807525
0.0341443650753
0.0361980919781
0.0379406422337
0.0394218766705
0.0406773568414
0.0417343117963
0.0426148219361
0.0433376739123
0.0439195248916
0.044375748207
0.0447211010199
0.0449703218787
0.0451387190895
0.0452427203715
0.0453004005053
0.0453317805802
0.0453580141278
0.0453993735486
0.0454712591676
0.00888062268221
0.0197733964601
0.0251826335055
0.0289700528757
0.0319506538425
0.034405982818
0.0364700273988
0.0382195839629
0.039704499814
0.0409601419279
0.0420134720072
0.0428862863592
0.0435970783216
0.0441622367749
0.0445969225281
0.0449157776278
0.0451336106195
0.0452660910051
0.0453304433034
0.0453460128466
0.0453346578426
0.0453201616575
0.0453258840752
0.0453704120207
0.0089533535853
0.0199141824999
0.025352755907
0.029158190492
0.0321516468364
0.0346163859443
0.0366865137564
0.0384389329117
0.0399233038835
0.0411747464861
0.0422198445756
0.043079995492
0.0437732875136
0.0443157035331
0.0447220213597
0.0450065905434
0.0451841045234
0.0452704119825
0.0452833981915
0.0452437929286
0.0451754941417
0.0451054115054
0.0450609114857
0.0450654599667
0.00901603630177
0.0200328358205
0.0254940167348
0.0293123214923
0.0323141662748
0.034783982818
0.0368561342237
0.0386075383219
0.0400876651309
0.0413311282128
0.0423638766447
0.043206808342
0.0438775142023
0.0443913758785
0.0447625694367
0.0450048929457
0.0451326112051
0.0451614076452
0.0451094951421
0.0449987577121
0.0448553865588
0.0447095926035
0.0445941481743
0.0445395303794
0.00906976645737
0.020132835273
0.0256114059507
0.0294384276792
0.0324448016073
0.0349161533783
0.0369871238893
0.0387343322451
0.0402068146851
0.0414386762871
0.0424554047688
0.0432772015399
0.0439209158044
0.044400962775
0.0447306928031
0.0449230036245
0.0449912722707
0.0449504595539
0.044818461153
0.044617654242
0.0443763059589
0.0441280743134
0.0439127191562
0.0437695818889
0.00911610130768
0.0202175122611
0.0257090877524
0.0295413789836
0.0325492334436
0.0350193629888
0.0370865618358
0.0388270081719
0.0402892051237
0.041506742749
0.0425044913735
0.0433018807148
0.0439147691995
0.0443566073325
0.0446394282431
0.044774723154
0.0447743314841
0.0446516913673
0.0444233326303
0.0441109006497
0.0437434440068
0.0433582642458
0.0430020948293
0.0427250623049
0.00915685297205
0.0202904312729
0.0257909754554
0.0296254483355
0.0326323213032
0.0350991039042
0.0371605473111
0.0388923682667
0.0403424934844
0.0415439006841
0.0425207361646
0.0432915306474
0.0438710397288
0.0442714179607
0.0445031212927
0.0445757267409
0.0444988021462
0.0442830785303
0.0439421567958
0.0434949225934
0.0429685790517
0.042402454611
0.0418483828198
0.0413691403605
0.00919456344449
0.0203559547339
0.0258607860018
0.0296942271185
0.032697978447
0.03515985461
0.037214283756
0.038936438748
0.0403736227058
0.0415581249031
0.0425132810776
0.0432566327689
0.0438017145993
0.044159162833
0.0443375221775
0.0443439468487
0.0441849292278
0.0438672985956
0.0433997434944
0.0427951751828
0.0420744714611
0.0412728847911
0.0404443973452
0.0396630657439
0.009233973852
0.0204260106578
0.0259266761438
0.0297551825571
0.0327540170723
0.0352099949629
0.0372567530023
0.0389687892122
0.040392751099
0.0415602195544
0.0424936994617
0.0432097120962
0.0437205040694
0.0440350587236
0.0441597701229
0.0440989419927
0.0438552386321
0.0434303025051
0.0428257519466
0.0420449391913
0.0410962461156
0.0399993207376
0.0387963843186
0.0375747982529
)
;

boundaryField
{
    frontAndBack
    {
        type            empty;
    }
    top
    {
        type            inletOutlet;
        inletValue      uniform 0.1;
        value           nonuniform List<scalar> 
56
(
0.051830959067
0.0525483525008
0.0535770452652
0.0550238718181
0.057026626378
0.0597674018426
0.0635123645864
0.0687279740225
0.0763921209905
0.1
0.1
0.1
0.1
0.1
0.1
0.1
0.1
0.1
0.1
0.1
0.1
0.1
0.1
0.1
0.0507529216639
0.0508416050324
0.0510320806069
0.0513481736527
0.0513639048291
0.0510420760919
0.0508471018654
0.050754673364
0.1
0.1
0.1
0.1
0.1
0.1
0.1
0.1
0.1
0.1
0.1
0.1
0.1
0.1
0.1
0.076439168808
0.068791291409
0.0635824013935
0.0598364423189
0.0570892350509
0.055076939685
0.0536194524011
0.0525804545725
0.0518540170754
)
;
    }
    inlet
    {
        type            kqRWallFunction;
        value           nonuniform List<scalar> 
56
(
0.0850251450597
0.0340746589954
0.0230927558201
0.0182399304804
0.0152379665048
0.0131963109067
0.0117555954459
0.0107217108564
0.00997580441665
0.00943971625819
0.00905529190438
0.00877784311532
0.00857219319964
0.00841073241609
0.00827264314544
0.00814312265782
0.00801316977293
0.00787886623615
0.00774427110136
0.00763092659001
0.00759712742877
0.00772682987618
0.00805030124498
0.00850030687078
0.00897605501623
0.00955846548171
0.0105986065077
0.0118858401566
0.00881188530653
0.00885759797473
0.00981537556637
0.0117356103698
0.00150801195274
0.00318145737212
0.00440282141122
0.00529710996748
0.00599160725979
0.00654609448659
0.006998439214
0.00736959129602
0.00767451075213
0.00792362481411
0.00812510982957
0.00828552254734
0.0084104237457
0.00850478010795
0.00857344261218
0.00862310369128
0.00865711495568
0.008679650201
0.00869609904513
0.00871389323147
0.00873967313974
0.00878634578334
0.00884415133225
0.00888859425312
)
;
    }
    outlet
    {
        type            kqRWallFunction;
        value           nonuniform List<scalar> 
56
(
0.085025688515
0.0340949094909
0.0231324596909
0.0182743768143
0.0152582498665
0.013205337968
0.0117584068445
0.0107217878037
0.00997499389947
0.00943884814133
0.00905470851824
0.0087776628789
0.00857238359599
0.00841121629582
0.00827334640492
0.00814399533972
0.00801419374661
0.00788003158054
0.00774559009485
0.00763239993635
0.00759874423091
0.00772850613312
0.00805184790872
0.00850156552725
0.0118854214303
0.0105982985777
0.0095587739447
0.0089768903381
0.0117351533302
0.00981524219784
0.00885764615217
0.00881193256257
0.0015080022101
0.00318143625682
0.00440279464542
0.00529708059209
0.00599157658564
0.00654606317421
0.00699840732541
0.00736955863472
0.00767447692621
0.00792358933162
0.00812507219053
0.00828548236929
0.00841038087421
0.00850473474721
0.00857339320525
0.00862304716596
0.00865704966699
0.00867958030428
0.00869602933876
0.00871383243029
0.00873963169416
0.00878633124499
0.00884416459151
0.00888863294381
)
;
    }
    floatingObject
    {
        type            kqRWallFunction;
        value           nonuniform List<scalar> 
32
(
0.0142510937995
0.0140392263436
0.0139709525421
0.0148076841025
0.0136548643047
0.0122537870846
0.010769945796
0.00963422197372
0.00963463970909
0.010770496049
0.0122545739387
0.0136566517497
0.0142560411003
0.014043575849
0.0139720830422
0.0148074807398
0.0126217346782
0.0136967000679
0.0147005542956
0.015327037666
0.0117278398662
0.0111695984998
0.0108248789764
0.0106590857799
0.0106592079869
0.0108252423305
0.0111702619778
0.0117288788427
0.0126233027722
0.0136982749267
0.0147016167854
0.0153274812478
)
;
    }
    bottom
    {
        type            kqRWallFunction;
        value           nonuniform List<scalar> 
56
(
0.00923392764136
0.00919451449041
0.00915680166104
0.00911605086359
0.00906971903946
0.0090159925684
0.00895331380005
0.00888060293609
0.008797818502
0.00870196757236
0.00858811572023
0.00845219907094
0.00828999369438
0.00809688380139
0.00786652374273
0.00759185932998
0.00726432377678
0.00687300701188
0.00640399296461
0.00583759657337
0.00514470066037
0.00427241309361
0.00310953893553
0.00150801195274
0.00901133712694
0.00904287983755
0.00910568925478
0.00920601681558
0.00920606511558
0.00910572715061
0.00904290053466
0.00901134203837
0.0015080022101
0.00310952039797
0.00427238988012
0.00514467344836
0.00583756630368
0.006403961022
0.006872974934
0.00726429307604
0.00759183165997
0.00786650107198
0.00809686848958
0.00828998628765
0.00845217764753
0.00858809813927
0.00870194980177
0.00879781999477
0.00888062268221
0.0089533535853
0.00901603630177
0.00906976645737
0.00911610130768
0.00915685297205
0.00919456344449
0.009233973852
)
;
    }
}


// ************************************************************************* //
