/*--------------------------------*- C++ -*----------------------------------*\
| =========                 |                                                 |
| \\      /  F ield         | foam-extend: Open Source CFD                    |
|  \\    /   O peration     | Version:     3.2                                |
|   \\  /    A nd           | Web:         http://www.foam-extend.org         |
|    \\/     M anipulation  | For copyright notice see file Copyright         |
\*---------------------------------------------------------------------------*/
FoamFile
{
    version     2.0;
    format      ascii;
    class       volScalarField;
    location    "1";
    object      nut;
}
// * * * * * * * * * * * * * * * * * * * * * * * * * * * * * * * * * * * * * //

dimensions      [0 2 -1 0 0 0 0];

internalField   nonuniform List<scalar> 
3200
(
0.00832688456472
0.00832070658622
0.00830731655396
0.00828534583441
0.00825344326794
0.0082102445597
0.00815422005393
0.00808357935585
0.00799629346857
0.00789020533357
0.00776316844722
0.00761316970182
0.00743841877566
0.00723741291257
0.00700901404821
0.00675258216735
0.00646816962992
0.00615678976869
0.00582076172199
0.00546407753609
0.0050927005073
0.004714554158
0.00433854260617
0.00397141104696
0.00834033138994
0.0083347164278
0.00832191811748
0.00830005246722
0.0082676481663
0.00822364748041
0.00816708508647
0.00809680920592
0.00801139432235
0.00790921958769
0.00778862314473
0.00764805961092
0.00748622719531
0.00730216761129
0.00709537229257
0.00686594184693
0.00661480635022
0.00634400906252
0.00605702385889
0.00575895527903
0.00545637418291
0.00515629117979
0.00486678822153
0.00459307751599
0.0083436734409
0.00833999058026
0.00832983620268
0.00831005414215
0.00827860220088
0.00823462540564
0.00817784403467
0.0081079504891
0.00802431872938
0.00792600938098
0.00781193169831
0.00768104053649
0.00753250743917
0.00736585597369
0.0071810858594
0.00697883582843
0.00676060012303
0.00652898809161
0.00628797793762
0.00604298911157
0.00580051076982
0.00556691256761
0.00534793823392
0.00514705997168
0.0083294054815
0.00832967656779
0.00832520478446
0.00831051106665
0.00828233762811
0.00823982959312
0.00818349212366
0.00811409021022
0.0080320296339
0.00793722838179
0.00782927009873
0.00770764435127
0.0075719697482
0.00742216874679
0.00725860518291
0.0070822365423
0.00689480801745
0.00669906662895
0.00649894095991
0.00629954279891
0.0061067615302
0.0059261714314
0.00576162404717
0.00561559156811
0.00829351520085
0.00829975631402
0.00830399471406
0.00829751362671
0.00827520158626
0.00823589731366
0.00818088648261
0.00811217845674
0.00803142603859
0.0079395832662
0.00783701913009
0.00772379780576
0.00759995956795
0.00746574082614
0.00732173073629
0.00716901063057
0.00700931604116
0.00684520389276
0.0066801724769
0.00651862913059
0.00636552399879
0.00622542060816
0.00610093811138
0.00599386099637
0.00824209620055
0.00825449593048
0.00826787498795
0.00827055560882
0.00825531494487
0.00822023654725
0.00816710802331
0.00809913105035
0.00801928302165
0.00792966099881
0.00783149920097
0.00772546793714
0.00761200806361
0.00749159578501
0.00736492706951
0.00723305553263
0.00709752520508
0.00696050076752
0.00682485344101
0.00669411667441
0.00657217769427
0.00646254388375
0.00636706456491
0.00628691173873
0.00819779009798
0.00821119402797
0.00822734576893
0.00823459966709
0.00822391840352
0.00819186950998
0.00813996877561
0.00807212761689
0.00799242833077
0.00790404094269
0.00780905309955
0.00770873340889
0.00760389312054
0.00749518659248
0.00738332482851
0.00726922668278
0.00715413808971
0.00703974110792
0.0069282310202
0.00682227822723
0.00672474055758
0.00663825358225
0.00656414592802
0.00650295562577
0.00820213479159
0.00819928710063
0.00820033325102
0.0081993742784
0.008185257957
0.00815157690731
0.00809821203586
0.00802878783634
0.0079478753399
0.00785938873833
0.00776611112833
0.00766982954226
0.00757166660259
0.00747239548117
0.00737267383029
0.00727321632105
0.00717492029313
0.00707896704647
0.0069869393108
0.00690083558186
0.00682266176619
0.00675405941127
0.00669620125428
0.00664921753377
0.00831618804205
0.00824911193875
0.00820318116399
0.00817427248149
0.00814406985253
0.00810078805199
0.00804108598586
0.00796704315596
0.00788281059943
0.00779248039122
0.00769921658735
0.00760515903084
0.0075116444577
0.00741949482885
0.00732925916459
0.00724140552376
0.00715647055235
0.00707529099305
0.00699886500307
0.00692848229474
0.00686552285917
0.00681120094161
0.00676634664824
0.00673077491341
0.00864631111958
0.00836594376271
0.00823608632519
0.0081608465858
0.00810159683409
0.00803953619867
0.00796736265777
0.00788469772545
0.00779440729269
0.00770012352336
0.00760498913804
0.00751126348178
0.00742036593144
0.00733308391495
0.00724979833902
0.00717076303807
0.00709621603069
0.00702651414762
0.00696222299844
0.00690416033875
0.0068533577972
0.00681074509069
0.00677681864215
0.00675112968007
0.00877857938093
0.00846573758925
0.00827497711552
0.00814959571917
0.00805324163188
0.00796487989321
0.0078743895617
0.00777889912665
0.00767954062818
0.00757900044323
0.00748002815041
0.00738475372059
0.00729452534272
0.00721000881057
0.00713143127443
0.00705874547924
0.00699184954432
0.00693074988302
0.00687568219074
0.00682729990511
0.00678634367031
0.0067535409269
0.00672917651151
0.00671256079454
0.00882560825504
0.00851901356914
0.00829321263527
0.00812477196146
0.00798986467763
0.00787099952884
0.00775779777127
0.00764580296335
0.00753451986438
0.00742548014824
0.00732077981305
0.00722220419708
0.00713090183982
0.0070473423145
0.00697147573228
0.00690295345953
0.00684135784696
0.00678644530728
0.00673839731416
0.00669755933551
0.00666458892322
0.00664015928165
0.0066244398984
0.00661650487315
0.00884098328049
0.00853461277467
0.00828171183476
0.00807509376081
0.00790211428637
0.00775065615854
0.00761179801491
0.00748046671813
0.0073548862728
0.00723542440304
0.00712338155982
0.0070200584834
0.00692625375449
0.00684212823521
0.00676731400186
0.006701132703
0.006642981868
0.00659250367033
0.00654954649045
0.00651445321086
0.00648795004379
0.0064707844617
0.00646310113332
0.00646373436047
0.00884141986327
0.00852149769536
0.00823842177391
0.00799324423131
0.00778141031388
0.00759579121013
0.00742932130496
0.00727674123988
0.00713522367913
0.0070040070505
0.00688351267614
0.00677442994475
0.00667710467148
0.00659130560442
0.00651628669304
0.00645121171831
0.00639519804418
0.00634753561067
0.00630804559314
0.00627717208101
0.00625585027645
0.00624505297172
0.00624501329364
0.00625433218323
0.00883196100763
0.00848303355789
0.00816058856427
0.00787189787462
0.00761847439856
0.00739700093744
0.00720173655399
0.00702703653995
0.00686893495237
0.00672547700762
0.00659613432687
0.00648090498772
0.00637960268303
0.00629153756074
0.00621576892504
0.00615100137356
0.00609596461722
0.00604982327482
0.00601242531059
0.00598441593436
0.00596709063268
0.00596184198059
0.00596916960442
0.00598748701035
0.0088129972249
0.00841659604018
0.00804084651513
0.00770018885806
0.00740106479546
0.00714231897306
0.00691821718208
0.00672191773933
0.00654790908333
0.00639286786123
0.00625524317536
0.00613429777733
0.00602927417937
0.00593920745942
0.00586255970129
0.00579758450593
0.00574275927319
0.00569713856881
0.00566064247692
0.00563420670905
0.00561964647783
0.00561902413294
0.00563339714831
0.00566114456641
0.00878158038969
0.00831227220112
0.00786396187255
0.00746051129335
0.00711168953399
0.00681580336997
0.00656489248722
0.0063495601063
0.0061621052312
0.00599761718952
0.00585349191547
0.00572827209689
0.00562083660194
0.00552956746124
0.00545240497621
0.00538722996343
0.00533226289491
0.00528645670085
0.00524982833135
0.00522366542714
0.0052104491171
0.00521320556803
0.00523399850261
0.00527159674269
0.00872987076224
0.00814846225001
0.0076019864536
0.00712477724908
0.00672521480307
0.0063961166084
0.00612396517974
0.00589509159454
0.00569896247011
0.00552898497246
0.00538159698275
0.00525488383226
0.00514715454097
0.00505623647774
0.00497962912565
0.00491484421977
0.00485985044645
0.00481349974808
0.00477590103387
0.00474870344724
0.00473513901563
0.00473947331466
0.00476535702023
0.00481279251684
0.00863895750844
0.0078811080667
0.0072059969996
0.00664975884387
0.00620655352089
0.00585529143235
0.00557281353801
0.00533972611022
0.00514248410233
0.00497309627137
0.00482742586556
0.00470326123671
0.00459843036218
0.00451037102049
0.00443618737745
0.00437306259408
0.00431873980288
0.00427196758573
0.00423290824015
0.00420351068968
0.00418772614505
0.00419119632643
0.00421968591393
0.00427558606486
0.0084585308968
0.00742000828825
0.0065938224241
0.00597274883744
0.00550939859202
0.00515800450771
0.00488296720768
0.00465936280013
0.00447160534755
0.00431120514665
0.00417413306226
0.00405804796149
0.00396062134659
0.0038790200014
0.00381006269978
0.00375070459985
0.00369853427253
0.00365220707506
0.00361186376502
0.00357962105637
0.00355997680421
0.00355983494998
0.00358718460966
0.00364760289526
0.00803515991387
0.00658441855697
0.00563968762167
0.00501254808779
0.00457794325102
0.00426140933225
0.00401825402128
0.00382180117653
0.00365707259375
0.00351659792357
0.00339709904399
0.00329650753581
0.0032125409302
0.0031422873552
0.00308249562506
0.00303010140187
0.0029827048206
0.00293891370615
0.00289872538152
0.00286418730229
0.00284010615116
0.00283441984225
0.00285671123618
0.00291481760149
0.00686497313954
0.00506561233537
0.00419437129171
0.0036864651606
0.00335311371199
0.00311420933385
0.00293053182515
0.00278139375803
0.00265602177209
0.00254933362433
0.00245912118523
0.00238376086994
0.00232118574581
0.00226873070182
0.0022234864389
0.00218277623549
0.00214453720624
0.00210743293425
0.00207120220199
0.00203739558506
0.00201073344122
0.00200009777609
0.00201572847454
0.00206435304808
0.00377446370101
0.00264224528493
0.00220838202522
0.00195786997626
0.00178724477856
0.00166052092549
0.00156128086617
0.00148071668041
0.00141385020526
0.00135795727758
0.00131152835682
0.00127328563914
0.00124168594084
0.00121494176093
0.0011912269545
0.00116893574189
0.00114683357072
0.00112405615459
0.00110006890009
0.00107518619529
0.00105309816523
0.00104326510641
0.00105513980169
0.001088870662
0.000439700186759
0.000278699118366
0.00022912748973
0.000203501885832
0.00018591896032
0.000172912640143
0.000163069776207
0.000155577274341
0.000149886984418
0.000145614027022
0.000142437796765
0.000140072649354
0.000138278738534
0.00013685289193
0.000135632298368
0.00013449025301
0.000133357473457
0.000132194922435
0.000131035432354
0.000130066628984
0.000129785715054
0.000130867594125
0.000133484476682
0.000137028954109
0.00827847666172
0.00827394697393
0.00826414104934
0.00824790272709
0.00822377146392
0.00818998943229
0.00814451207673
0.00808504939608
0.00800912647184
0.0079141603875
0.00779752883843
0.00765661812498
0.007488838645
0.00729160880551
0.00706231693643
0.00679826450427
0.00649658997041
0.00615420383324
0.00576774458937
0.00533351708864
0.0048474278733
0.00430497869243
0.00370105724531
0.00302827106923
0.00828417859742
0.00827944451107
0.00826918160716
0.00825223366224
0.00822715521546
0.00819221145901
0.00814538074128
0.00808439110387
0.00800678371091
0.00790999503564
0.00779143295238
0.00764853125788
0.00747877227012
0.00727967864767
0.00704878988626
0.00678362993229
0.00648166383566
0.00614028642955
0.0057568729086
0.0053288560347
0.00485386673001
0.00433000626873
0.0037556042424
0.00312627088074
0.00829525039738
0.0082900776177
0.00827888002505
0.00826049440037
0.00823350153853
0.00819621492437
0.00814666534147
0.00808262483303
0.00800167247584
0.0079012868736
0.00777893671565
0.00763214956929
0.00745854839482
0.00725586036273
0.00702191829217
0.00675467282975
0.00645222424659
0.00611291366956
0.00573550898157
0.00531949347893
0.0048654955567
0.00437579169505
0.00385279986339
0.00329349768066
0.00831034432842
0.00830452032415
0.00829198348908
0.00827151683929
0.00824172106662
0.00820099047992
0.00814745633181
0.00807897927233
0.00799321062651
0.00788769972357
0.00776000716998
0.0076077964132
0.00742889180619
0.00722131199413
0.00698330936669
0.00671344865096
0.00641073421797
0.00607481799277
0.00570631796578
0.00530726636789
0.0048816883551
0.0044361140645
0.00397458283604
0.00349214707969
0.00831138970353
0.00830555451905
0.00829300212181
0.00827250869281
0.00824266282482
0.00820185202708
0.0081482150468
0.00807962829714
0.00799376026522
0.0078881729722
0.00776043175718
0.00760819904786
0.00742929469718
0.00722173020592
0.00698375122293
0.00671391997944
0.00641123813762
0.00607535384971
0.00570687913742
0.0053078373637
0.00488224668511
0.00443663009814
0.00397501613419
0.00349245559028
0.00829611431103
0.0082909182997
0.00827968517838
0.00826125498779
0.00823420659056
0.00819685027927
0.00814722100127
0.00808309974272
0.00800207603412
0.00790163598906
0.00777925120392
0.00763244868104
0.00745884866885
0.00725617380226
0.00702225203916
0.00675503227536
0.00645261310528
0.0061133333591
0.00573595720881
0.00531996188738
0.00486597024348
0.00437625087563
0.00385320656928
0.00329379457446
0.0082847354105
0.00827998043114
0.00826968675129
0.00825270311725
0.00822758499631
0.00819259600142
0.00814571624607
0.00808467825662
0.00800702874526
0.00791020804513
0.00779162568888
0.00764871523417
0.00747895758068
0.00727987294869
0.00704899809491
0.00678385570413
0.00648191003675
0.00614055467268
0.00575716304835
0.00532916465879
0.00485418716982
0.00433032643782
0.00375590072122
0.00312649942574
0.00827866799465
0.00827412984171
0.00826431195591
0.00824806037719
0.0082239150279
0.00819011754789
0.0081446238416
0.00808514525062
0.00800920852068
0.00791423195485
0.00779759379046
0.00765668027805
0.00748890137019
0.00729167471823
0.00706238779027
0.00679834159567
0.00649667438414
0.00615429624635
0.00576784523816
0.0053336251364
0.00484754152757
0.00430509422087
0.00370116705844
0.003028359197
0.000439701043664
0.000278732533966
0.000229237014411
0.000203649728077
0.000186040124643
0.000172984672619
0.000163102578827
0.000155587735048
0.000149887937028
0.000145612458022
0.000142437287916
0.000140074697725
0.000138283561282
0.000136860144684
0.0001356415245
0.00013450100198
0.000133369763645
0.000132208572087
0.000131050505413
0.000130082996603
0.000129803199052
0.000130885377753
0.000133500737482
0.000137042304939
0.00377448284149
0.00264242805271
0.00220927839008
0.00195975977599
0.00178948635289
0.00166239072361
0.0015625316882
0.00148144933314
0.00141424905842
0.00135816846197
0.00131164441437
0.00127336163886
0.00124175522645
0.00121502189901
0.0011913246657
0.00116905279725
0.00114697197088
0.00112421453311
0.00110024607428
0.00107537746971
0.00105330721392
0.00104349557987
0.00105537587133
0.00108908860866
0.00686541051207
0.00506740987562
0.00419787506528
0.00369121306163
0.00335792371525
0.0031181124006
0.00293323125261
0.00278307050689
0.002656996006
0.00254987991153
0.00245943045486
0.00238395475115
0.00232133896861
0.00226888562518
0.00222366376367
0.00218298412827
0.00214477798709
0.0021077055544
0.00207150404127
0.00203772586185
0.00201109140864
0.00200047593005
0.00201610751526
0.00206470429706
0.00803599905619
0.00658736228173
0.00564464911349
0.00501865166771
0.00458389128713
0.00426624301168
0.00402168119423
0.0038240081444
0.0036584078791
0.00351738008804
0.0033975610574
0.00329680418831
0.00321276989667
0.00314250566846
0.00308273382482
0.00303037354177
0.00298301478498
0.0029392610279
0.00289910754666
0.00286460983005
0.00284056375756
0.00283489209575
0.00285717663668
0.00291524898153
0.00845943721801
0.00742308232143
0.0065988141914
0.00597873192077
0.00551520403804
0.00516279239422
0.00488645652897
0.00466168857105
0.00447306729847
0.00431209866559
0.00417468262306
0.00405841298021
0.00396090462561
0.00387928405494
0.00381034336175
0.00375101972843
0.00369889044212
0.0036526061548
0.00361230394436
0.00358010617652
0.00356049788605
0.00356036945647
0.00358770893906
0.00364808998915
0.00863973685143
0.00788372643421
0.00721022301149
0.00665482155284
0.00621151886546
0.00585947821944
0.0055759605542
0.00534190141642
0.00514390622607
0.00497400136451
0.00482800713719
0.0047036609222
0.0045987452827
0.0045106631738
0.00443649381581
0.00437340377487
0.00431912547094
0.00427240100874
0.00423338945332
0.00420403804034
0.00418828847466
0.00419177275732
0.00422025189641
0.00427611495646
0.00873047238726
0.00815047353972
0.00760524392823
0.00712871916349
0.00672915443747
0.00639953205449
0.00612662415474
0.00589700430218
0.00570026665863
0.00552985113305
0.00538217861656
0.00525529661975
0.00514748510892
0.00505654290171
0.00497994850477
0.00491519897068
0.00486025250775
0.00481395401065
0.00477640780088
0.00474925769355
0.00473572852268
0.00474007807415
0.00476595251762
0.00481335367456
0.00878202819485
0.00831375672244
0.00786637629353
0.00746347344469
0.00711472001117
0.00681851702634
0.00656709022043
0.0063512118238
0.00616328324923
0.00599843412765
0.00585406185179
0.00572869103199
0.00562117570942
0.0055298813019
0.00545273026576
0.00538759017226
0.00533267196571
0.00528692119652
0.0052503484403
0.00522423503576
0.0052110549454
0.0052138275779
0.00523461326329
0.0052721809984
0.00881334062153
0.00841771076635
0.00804265363826
0.00770243046359
0.00740341340273
0.007144496325
0.00692005727693
0.00672336639288
0.00654899088698
0.00639364992601
0.00625580719925
0.00613472189286
0.00602962312435
0.00593952814268
0.00586288886974
0.00579794677494
0.00574316996968
0.00569760564426
0.00566116690918
0.00563478222222
0.00562025916535
0.00561965389398
0.00563402151209
0.00566174239194
0.008832248897
0.00848392878442
0.00816200980178
0.00787366022119
0.00762035544114
0.00739880483893
0.00720332922748
0.00702835104822
0.00686996177309
0.00672624836613
0.00659670653416
0.00648134176648
0.00637996295958
0.00629186849641
0.00621610364848
0.00615136543544
0.00609637459741
0.0060502882989
0.00601294761187
0.00598498981829
0.00596770215861
0.00596247121121
0.00596979531101
0.00598809011963
0.00884169042602
0.00852228324012
0.00823961018063
0.00799468753403
0.0077829640183
0.00759733009085
0.00743074397449
0.00727797441456
0.00713623077192
0.00700479082103
0.00688410826024
0.00677488931339
0.00667748221493
0.00659164833884
0.00651663028117
0.00645157924965
0.00639560712892
0.00634799667356
0.00630856196788
0.00627773919985
0.00625645467662
0.00624567534204
0.0062456344846
0.00625493446472
0.00884126441899
0.00853535433154
0.00828274187843
0.00807628320939
0.00790339207612
0.00775197033039
0.00761308285653
0.00748164489303
0.00735589475786
0.00723623687334
0.00712401300188
0.00702054981505
0.00692665553411
0.00684248729925
0.00676766716102
0.00670150654318
0.00664339195369
0.00659296131377
0.00655005615272
0.00651501116239
0.0064885439752
0.00647139678501
0.00646371410899
0.00646433176026
0.00882592701982
0.0085197448344
0.00829409179271
0.00812569357488
0.00799084602565
0.00787207499267
0.00775894155295
0.00764693043152
0.00753553743531
0.00742633041646
0.00732145540495
0.00722273452218
0.00713133458882
0.00704772413502
0.0069718443305
0.00690333607298
0.00684177274313
0.00678690274633
0.0067389020221
0.006698108685
0.00666517222546
0.00664076070775
0.00662504301694
0.0066170946639
0.00877898427921
0.00846646770117
0.00827565669275
0.00815017730115
0.00805386857485
0.00796568475739
0.00787538037524
0.00777997394403
0.00768056859734
0.00757989034917
0.00748075082069
0.00738532845289
0.00729499453486
0.00721041970788
0.00713182184647
0.00705914353985
0.00699227343545
0.00693121111631
0.00687618598098
0.00682784386532
0.00678691847897
0.00675413252773
0.00672976962845
0.00671314123569
0.00864691550114
0.00836660891077
0.0082364273474
0.00816097959439
0.00810181889261
0.00804006220071
0.00796820891027
0.00788572818752
0.00779544865728
0.00770105229806
0.00760575759895
0.00751188269707
0.00742087588948
0.00733352981997
0.00725021689815
0.00717118385144
0.00709665664517
0.0070269861806
0.00696273169199
0.00690470393265
0.0068539280413
0.00681132936438
0.00677740250155
0.00675169950569
0.00831674995669
0.00824927431825
0.00820290885438
0.00817385532238
0.00814389624396
0.00810108666903
0.00804183551898
0.00796805621642
0.00788387338448
0.00779344574699
0.00770002585208
0.00760581926258
0.00751219440088
0.00741997886694
0.0073297138032
0.00724185605194
0.00715693556656
0.00707578158182
0.00699938627371
0.00692903204577
0.00686609361391
0.00681178105648
0.00676692243275
0.00673133321075
0.00820172779093
0.00819853041678
0.00819931112358
0.00819845324604
0.00818481621808
0.00815177464104
0.0080989499825
0.00802982361784
0.0079489687464
0.00786038508734
0.00776695202743
0.00767052357804
0.00757225304678
0.00747291798225
0.00737316737105
0.00727370453393
0.00717541830281
0.00707948325138
0.00698748102462
0.00690139864956
0.00682323868045
0.00675463875274
0.00669677005295
0.00664976323613
0.00819626682441
0.00820955302986
0.0082257672553
0.00823343813988
0.00822345319881
0.00819214025329
0.0081407901879
0.00807322154977
0.00799355393182
0.00790505612307
0.00780991142325
0.00770945014982
0.00760450938869
0.00749574495795
0.0073838577911
0.00726975507148
0.00715467451096
0.00704029285802
0.00692880062819
0.00682286019016
0.0067253290834
0.0066388352382
0.00656470801298
0.00650348639835
0.00823997530666
0.00825248738885
0.0082662272269
0.008269553538
0.0082551025033
0.00822073543947
0.00816807726418
0.00810029371811
0.00802042684
0.00793067415691
0.00783235572514
0.0077261926019
0.00761264414944
0.00749218413299
0.00736549660703
0.00723362345285
0.00709810136201
0.00696109029186
0.00682545607308
0.00669472572405
0.00657278230764
0.00646312984461
0.00636761854599
0.00628742167185
0.00829158828558
0.00829807097758
0.00830280947495
0.00829702096258
0.00827542883586
0.00823669462233
0.00818200753605
0.00811338547527
0.00803255690682
0.00794056610618
0.00783785109502
0.0077245130237
0.00760060255812
0.00746634934913
0.00732232926629
0.00716961248473
0.007009928383
0.00684582946864
0.00668080823071
0.00651926521037
0.00636614564116
0.00622601070746
0.00610148113017
0.00599434466769
0.00832827553127
0.00832879933887
0.0083247927944
0.00831067101622
0.00828302799969
0.00824088637207
0.00818470730124
0.00811528794904
0.00803310544678
0.0079381497172
0.00783005414244
0.00770833179556
0.00757260398827
0.00742278310117
0.00725921945025
0.00708286057568
0.00689544659187
0.00669972041681
0.00649960397181
0.00630020150929
0.0061073969379
0.00592676190491
0.00576215050768
0.00561604127606
0.00834351238488
0.00834001634796
0.00833018790483
0.00831077596508
0.00827962983071
0.00823582133667
0.00817905919661
0.00810907384355
0.00802529705354
0.00792684083624
0.00781264682498
0.0076816818956
0.00753311466524
0.00736645730566
0.00718169668337
0.00697946333973
0.00676124776257
0.0065296546919
0.00628865493779
0.0060436597256
0.00580115149167
0.00556749635126
0.00534844123382
0.00514746984485
0.00834093531505
0.00833541950809
0.00832278996573
0.00830110065829
0.0082688144147
0.00822483596476
0.00816820404187
0.00809780044328
0.00801224126914
0.00790993944407
0.00778925174992
0.00764863676254
0.00748678704018
0.00730273302845
0.00709595518648
0.00686654808364
0.00661543853567
0.00634466485103
0.00605769325727
0.00575961934837
0.00545700590062
0.00515685858317
0.00486726336743
0.0045934485244
0.00832788304687
0.00832173383043
0.00830839307081
0.00828646284085
0.00825455932786
0.00821130197552
0.00815517049473
0.00808439964315
0.00799698793312
0.00789079916422
0.00776369592783
0.00761366477429
0.00743890934849
0.00723791703854
0.00700954105562
0.00675313748169
0.00646875547297
0.00615740356044
0.0058213936788
0.00546470806001
0.00509330199417
0.00471509364893
0.00433898618717
0.00397174323457
0.000138669049255
0.00013986455437
0.000145836348171
0.000153020673233
0.00112003179976
0.00114653340917
0.00122081527699
0.00126379174775
0.00211605071694
0.00217130323948
0.00224765942823
0.00229832670371
0.00296920384754
0.00301634940968
0.00307611413342
0.00311151828774
0.00369258034399
0.00371731248187
0.00375505267344
0.00377332587295
0.00430507786218
0.00430682037423
0.00432383845974
0.00432958591635
0.00482641831473
0.00480930841778
0.00480943619481
0.00480721582568
0.00527205784111
0.00524100593099
0.00522858989122
0.00522130984414
0.00565167219048
0.00561173393331
0.0055911337185
0.00558023350494
0.00597072464234
0.00592660481822
0.00590006149266
0.00588655351955
0.00623254985429
0.00618714289989
0.00615760402029
0.00614321655134
0.0064391265023
0.00639576488306
0.00636587088212
0.00635167511975
0.00659116646395
0.00655326811918
0.00652554407334
0.00651240924869
0.0066885107925
0.00665955844434
0.00663646849961
0.00662518469757
0.00673032012321
0.00671393548018
0.00669789508181
0.0066891701418
0.00671502720464
0.00671507516272
0.00670844456444
0.00670288256937
0.00664002530235
0.0066607240373
0.00666586399978
0.00666392996134
0.00650106678142
0.00654706433878
0.00656645798363
0.00656849887023
0.00629127807574
0.00636773251145
0.00640412485371
0.00641049831881
0.00600022979694
0.00611242937523
0.00616891870198
0.00618028368873
0.00561452597293
0.0057657374494
0.00584528947246
0.00586303474401
0.005122035778
0.0053081752467
0.00541106988659
0.00543720080711
0.00452008379389
0.00472178525108
0.00483997546396
0.0048735882295
0.00382267064141
0.00399338619183
0.00410464543449
0.00413311433674
0.000128757021482
0.000129581943426
0.000127671961
0.00013092120465
0.00116685984385
0.00119551343717
0.00118625788948
0.00122079331926
0.00221255576902
0.00229635320439
0.00231007556828
0.00234656568382
0.00306351877727
0.00319383323823
0.00324331522528
0.00326718978501
0.00287684711341
0.0020847915136
0.0011046569485
0.000125565600472
0.00265555838702
0.00192482655659
0.00103356797585
0.000120331831276
0.00245421005088
0.00175715808699
0.000928965204941
0.000113446373512
0.00232944154497
0.00164653955061
0.000854870043894
0.000107522001813
0.00232948456715
0.00164653434762
0.000854830181489
0.00010752385631
0.00245431710734
0.00175714490339
0.000928863426796
0.000113448552122
0.00265569795189
0.00192482164111
0.00103345833915
0.000120335736763
0.00287702225328
0.00208484875689
0.00110463355301
0.000125574616839
0.00306374271192
0.00221269404393
0.00116691741687
0.000128780050595
0.00319405694172
0.0022965821374
0.0011957286912
0.000129608769564
0.0032435711159
0.0023103057412
0.00118644107148
0.0001276801781
0.00326735303533
0.00234668589383
0.00122086676256
0.000130923169894
0.00413331945883
0.00410490426671
0.00399362120086
0.00382294871949
0.0048738349699
0.00484025476097
0.00472206111923
0.00452038450668
0.00543748771984
0.00541139285881
0.00530850326922
0.00512237951292
0.00586335782095
0.00584565296709
0.00576611599374
0.005614918196
0.0061806400499
0.0061693158828
0.00611284864367
0.00600066497852
0.00641088305555
0.00640454974072
0.00636818377205
0.00629174730619
0.0065689036734
0.00656690472889
0.00654754097449
0.00650156276892
0.00666434637819
0.00666632669432
0.0066612206695
0.00664054271439
0.00670330421486
0.00670891789043
0.00671558748668
0.0067155619985
0.0066895925252
0.00669837443414
0.00671445937939
0.00673086916191
0.00662560420541
0.00663694944798
0.00666008923851
0.00668907077657
0.00651282221143
0.0065260220576
0.006553800498
0.00659173336623
0.0063520777232
0.00636634086387
0.00639629406302
0.00643969647015
0.00614360476803
0.00615806154917
0.00618766447675
0.00623311906249
0.00588692405919
0.00590050228528
0.00592711395439
0.00597128853443
0.00558058296178
0.00559155406512
0.00561222579525
0.00565222467956
0.00522163275623
0.00522897994524
0.00524147053753
0.00527259047603
0.00480750485104
0.00480979033434
0.00480973902709
0.00482692153861
0.00432983624246
0.00432415096575
0.00430721018982
0.00430554438461
0.00377353201231
0.003755317404
0.00371765496441
0.00369300454803
0.00311167609101
0.0030763253586
0.00301663623474
0.00296957244306
0.00229843459237
0.00224781142847
0.00217152102515
0.00211634397726
0.00126384994478
0.00122089772665
0.00114665091717
0.0011202062132
0.000153022143642
0.000145837348399
0.00013986948152
0.000138678440775
0.000137455701359
0.000134147911112
0.000137990718137
0.000151157507481
0.00119386561254
0.00112551568565
0.00118634727599
0.00123910852702
0.00223641282384
0.00216529168741
0.00219514432373
0.00226332606254
0.00308999491844
0.00302120279563
0.00302466669505
0.0030767548569
0.00379974927271
0.00372955001148
0.0037143647096
0.00374551355234
0.00439957561379
0.00432632077471
0.00429758447963
0.00431127149252
0.00491096040359
0.00483507162847
0.00479674542047
0.00479745396833
0.00534744878758
0.00527050518832
0.00522584422041
0.00521668525193
0.00571762137978
0.00564179569999
0.00559384331228
0.00557823914731
0.00602688206811
0.00595459625494
0.00590610098422
0.00588671964735
0.00627854290005
0.0062123082591
0.00616577167498
0.00614482507644
0.00647447885185
0.0064168417789
0.00637459690837
0.00635400542413
0.00661550623178
0.00656904024879
0.00653331476589
0.00651480402376
0.00670157884468
0.00666890114218
0.00664187536059
0.00662705069307
0.00673185323808
0.00671565123779
0.00669951511233
0.00668993471632
0.00670463575868
0.0067076924034
0.00670469768361
0.00670193936676
0.00661721492507
0.00664240842601
0.00665490221178
0.00666060587637
0.00646560039967
0.00651582367733
0.00654622706408
0.00656207884971
0.00624421955997
0.00632213290863
0.00637277749891
0.0064003686776
0.00594585678164
0.00605315151587
0.00612580977215
0.00616628248692
0.00556180792155
0.00569758690658
0.00579263063581
0.00584605940981
0.00508284466704
0.00524056459366
0.00535536385799
0.00541983429929
0.00450266899494
0.00466396252879
0.00478935616087
0.00485972532112
0.00382584528593
0.00394812400822
0.00406034829244
0.00412574592174
0.000119750795667
0.000124526737622
0.000128671665631
0.000131615832761
0.00114519886137
0.00117371255919
0.00119745434614
0.00121530507937
0.00220017867614
0.00226411228602
0.00231938151897
0.00235132471347
0.00306672236163
0.00314825845679
0.00322654770074
0.00327102026652
0.00295052258932
0.002116866392
0.00110242360018
0.000115503503914
0.00284473010845
0.00204104970524
0.0010640088569
0.000112549420231
0.0027765212372
0.0019912944315
0.00103944235832
0.000110651109535
0.00274389076389
0.00196758988076
0.00102798616046
0.000109720534181
0.00274390428634
0.00196760112816
0.00102799387646
0.000109721335653
0.00277656338089
0.00199133007759
0.00103946718991
0.000110653471376
0.00284480500432
0.00204111371459
0.00106405531284
0.000112553532564
0.00295062014461
0.00211695304394
0.00110248989654
0.000115509413478
0.00306679323702
0.00220025287077
0.00114524759695
0.000119758758888
0.00314833058587
0.00226418288284
0.00117375624492
0.000124534083443
0.00322662796678
0.00231944697093
0.00119749567072
0.000128676360188
0.00327111464261
0.00235138977389
0.00121534451003
0.00013161814951
0.00412588563961
0.00406045829255
0.00394821290821
0.00382591825847
0.00485990934105
0.00478949752566
0.00466407413916
0.0045027693459
0.00542005707885
0.00535553313349
0.00524069616754
0.00508298709673
0.00584632112716
0.00579284149572
0.00569778250029
0.00556203630113
0.00616658575035
0.00612607842723
0.00605343734215
0.00594612789317
0.00640070658111
0.00637308612443
0.00632243815648
0.00624442672061
0.00656243529821
0.00654654172126
0.00651609215683
0.00646575594439
0.0066609681128
0.00665520959399
0.00664265244307
0.00661737369889
0.00670230138499
0.00670499833742
0.00670792888947
0.00670480659092
0.00669029367252
0.00669981078112
0.0067158862487
0.0067320333944
0.00662740443578
0.00664216572809
0.00666913344108
0.00670176120635
0.0065151503121
0.00653359825964
0.00656926662092
0.00661568393585
0.00635434174709
0.00637487203942
0.00641706111761
0.00647465039071
0.00614514863741
0.00616603688871
0.00621252048007
0.00627870982234
0.00588702757244
0.00590635421329
0.00595480008692
0.00602704402277
0.00557852855897
0.00559408213319
0.00564198888522
0.00571777590615
0.0052169523373
0.00522606583152
0.00527068511908
0.00534759310618
0.00479769441275
0.00479694646729
0.00483523571179
0.00491109200207
0.00431148102042
0.00429776111093
0.0043264662596
0.00439969227254
0.00374568534141
0.00371451239824
0.00372967428537
0.00379984929515
0.00307688493156
0.00302478088583
0.00302130335415
0.00309007666826
0.00226341140173
0.00219521934971
0.00216536535914
0.00223647322519
0.00123914906087
0.00118637801603
0.00112555751759
0.00119389996225
0.000151158388643
0.000137992756669
0.000134150890894
0.000137458560978
0.000126692574612
0.00117690561435
0.00220857871856
0.00305484239963
0.00375594659738
0.00434360507555
0.00483872252956
0.00525506431573
0.00560178881545
0.00588501664555
0.00610880888988
0.00627578691041
0.00638752716961
0.00644482217958
0.00644785911667
0.00639634799957
0.00628965503636
0.00612699015781
0.00590769724769
0.00563171211278
0.00530030998155
0.00491728343232
0.0044904922128
0.00403379853963
0.000126656345889
0.00117311584825
0.00220330302653
0.00304952553169
0.00375126281659
0.00434016239653
0.00483722686046
0.00525636696928
0.00560691343708
0.00589518911996
0.00612549831787
0.00630076152093
0.00642293114133
0.00649327893907
0.00651261001335
0.00648144113169
0.00640019447237
0.00626945359012
0.00609032822774
0.0058649682096
0.00559727793226
0.0052941282889
0.00496529625783
0.00462167585866
0.000126734694519
0.00117208277867
0.0022001900691
0.00304525419687
0.00374677603253
0.00433633003198
0.00483494055218
0.00525661353796
0.00561082507111
0.00590408549666
0.00614093348262
0.00632458060984
0.00645733944919
0.00654093014951
0.00657672095881
0.0065659358007
0.00650987916624
0.00641021877315
0.00626937075682
0.0060910072441
0.00588058508772
0.0056459953288
0.00539701887868
0.0051446456026
0.000126835250292
0.00117127360488
0.00219687265014
0.00304000330718
0.00374052832877
0.00433005781779
0.00482965146965
0.00525339896392
0.00561090561883
0.00590885044502
0.00615198488728
0.00634378956488
0.00648690666147
0.00658344716918
0.00663525834886
0.00664414147953
0.00661209217949
0.00654157558838
0.00643585267639
0.00629938383425
0.00613824533367
0.00596012893393
0.00577445801912
0.00559124052036
0.000126937811065
0.00117017494911
0.00219257433988
0.00303294443287
0.00373162164825
0.00432030483475
0.00482010996222
0.00524521620693
0.00560534823178
0.005907337195
0.00615612140697
0.00635541675091
0.00650816479161
0.00661678139102
0.00668352055026
0.00671063073777
0.00670058978827
0.00665635586524
0.0065816433649
0.00648121277636
0.00636110906651
0.00622844038754
0.00609170763067
0.00595944243763
0.000127025414285
0.00116850853971
0.00218672266287
0.00302328806991
0.00371907323372
0.00430589227585
0.00480491775449
0.00523041224928
0.00559220759798
0.0058972879337
0.00615073443125
0.00635647791629
0.00651769309141
0.00663709292253
0.00671720211463
0.00676057198859
0.00676998605029
0.00674867137086
0.00670051241343
0.00663024587971
0.00654349549875
0.00644672816475
0.00634723228709
0.006252022579
0.00012708320978
0.00116605986725
0.00217881155845
0.00301024512237
0.00370182436259
0.00428551009369
0.00478252887709
0.00520719308783
0.00556941599622
0.00587631873876
0.00613316826418
0.00634404969694
0.00651230529913
0.00664084741383
0.00673240246209
0.0067897168405
0.00681574173696
0.0068138059698
0.00678777371634
0.00674215883315
0.00668206099167
0.00661324235735
0.00654182108408
0.00647345610133
0.00012709736514
0.00116258307129
0.00216824801578
0.00299290757392
0.00367871242495
0.00425770550037
0.00475120369625
0.00517357632424
0.00553482109879
0.0058421380871
0.00610091136151
0.00631535536076
0.00648894745115
0.00662473885112
0.00672558871115
0.00679435261962
0.0068340469534
0.00684798926338
0.00683990818745
0.0068139945262
0.00677487294892
0.00672757355453
0.00667721137913
0.00662833951359
0.000127051251139
0.00115750688561
0.00215416398744
0.00297015746269
0.00364833978541
0.00422093267782
0.00470925812857
0.00512771221319
0.00548634220468
0.00579242025665
0.00605141899066
0.00626764941208
0.00644468821791
0.0065856776476
0.00669355186048
0.00677121201538
0.00682166958668
0.00684816058335
0.00685422024097
0.00684370502671
0.00682080280111
0.00678988807704
0.00675525479118
0.00672060730317
0.000126948706882
0.00115036542273
0.00213578033043
0.00294097819596
0.00360950738992
0.00417371428332
0.00465494154782
0.00506760254287
0.00542177010531
0.00572476335577
0.00598211961411
0.00619821542618
0.00637669036258
0.00652073975995
0.00663332987552
0.00671736157762
0.00677579627305
0.00681174891391
0.00682853594283
0.00682972707175
0.00681909862466
0.00680047711717
0.00677751047616
0.00675326836585
0.000126731771721
0.00114103636792
0.00211250547052
0.00290433537581
0.00356080785616
0.0041143604745
0.00458632195566
0.0049910981044
0.00533876941552
0.00563667562867
0.00589038861887
0.00610432341525
0.00628215289218
0.00642709437014
0.00654211428405
0.00663008086035
0.00669387752401
0.0067364802972
0.00676099003746
0.0067707313812
0.00676911558419
0.00675952133064
0.00674509648208
0.00672844700899
0.000126358746309
0.0011290605541
0.00208345480994
0.00285896304984
0.00350063663922
0.00404098278687
0.00450127770913
0.00489587837954
0.00523484748475
0.00552552357947
0.00577348584775
0.00598316236459
0.00615823420841
0.00630191378582
0.0064171421516
0.00650673261193
0.00657347388707
0.00662019535091
0.00664981139709
0.00666542213304
0.0066701275404
0.00666694513941
0.00665863585448
0.00664747237863
0.000125787206831
0.00111396468659
0.00204762001407
0.00280342123424
0.00342719846903
0.00395147975766
0.00439744954555
0.00477937769603
0.00510727466766
0.00538845163722
0.00562847121662
0.00583174889917
0.00600194937498
0.00614225718666
0.00625556714987
0.00634462069657
0.00641210033653
0.0064606794428
0.00649314720302
0.00651236384892
0.00652117395301
0.00652230447161
0.00651821769516
0.00651094762438
0.000124973512695
0.00109523908521
0.00200383551129
0.00273603347799
0.00333841409902
0.00384344235237
0.00427215393386
0.0046386926753
0.0049529811913
0.00522227162078
0.00545208321641
0.00564679377157
0.00581002771025
0.0059449198028
0.00605429955091
0.00614082175858
0.00620705479397
0.00625552377164
0.00628889116335
0.00630981350724
0.00632091236734
0.00632467537529
0.00632333338705
0.00631875002449
0.000123855010672
0.00107198261897
0.00195060395667
0.00265477967719
0.00323181635597
0.0037140323011
0.00412224920346
0.00447043880564
0.00476839855219
0.00502328862144
0.00524055520704
0.00542451083281
0.00557871409013
0.00570622688088
0.00580979345751
0.00589196606224
0.00595518830386
0.00600184283814
0.00603446735164
0.00605552585254
0.00606744367031
0.00607250596047
0.0060727575607
0.00606994387
0.00012235346771
0.00104323818364
0.00188614700452
0.00255722295185
0.00310441780286
0.00355980349117
0.00394391724344
0.00427050706218
0.00454920268546
0.00478703430276
0.00498933994955
0.0051603342832
0.00530348015255
0.00542173979355
0.00551774887473
0.00559393653468
0.00565259621335
0.00569601235274
0.00572654381235
0.00574647922047
0.00575805850204
0.00576338457398
0.00576433909591
0.00576258829513
0.00012036988967
0.00100787617503
0.00180827188244
0.00244029799905
0.00295242896072
0.00337637172055
0.0037322990631
0.00403367438894
0.00428990703733
0.00450784866453
0.00469268391149
0.00484848786306
0.0049785899098
0.00508581926608
0.00517267423246
0.00524143634274
0.00529422767824
0.0053332332394
0.00536061028015
0.00537846723768
0.00538885050403
0.00539367368862
0.00539465131073
0.00539338963938
0.000117769505962
0.000964320862239
0.00171403641705
0.00229988832456
0.00277074871558
0.00315783787827
0.00348087309719
0.00375295452862
0.00398319782561
0.00417820735687
0.00434295107637
0.00448130758367
0.00459642266228
0.00469094915857
0.00476721103572
0.00482731099226
0.00487318138392
0.00490687530281
0.00493033393225
0.00494546696767
0.00495410167177
0.00495791989545
0.00495841921004
0.00495711585007
0.00011436376834
0.000910413520651
0.0015992357389
0.00213005603474
0.00255202841102
0.00289575302555
0.0031803677104
0.00341848718385
0.00361881653151
0.00378760604272
0.00392951293117
0.00404813845692
0.00414637643421
0.00422664605509
0.00429104904446
0.00434146847225
0.00437962435707
0.00440739524504
0.00442649031494
0.0044385852718
0.00444524623838
0.00444785028829
0.00444755017353
0.00444562118384
0.000109863026566
0.000842610043122
0.00145718439309
0.00192144921794
0.00228484333246
0.0025771764564
0.00281678361503
0.00301556555062
0.00318161009495
0.00332063828592
0.00343685303905
0.00353346240794
0.00361301504892
0.0036776209488
0.00372909574011
0.0037690255189
0.00379897656665
0.00382052061845
0.00383513297926
0.00384422495287
0.00384904790219
0.0038505772087
0.0038493963643
0.00384617224344
0.000103791632813
0.000755267286155
0.00127623704025
0.00165789376776
0.00194992673926
0.00218084626794
0.00236762836115
0.00252097620552
0.00264797907118
0.00275353987781
0.00284119128898
0.00291358629551
0.00297280516531
0.00302055304611
0.00305828458809
0.00308723707745
0.00310872828074
0.00312402613984
0.00313433337446
0.00314077755443
0.00314424705502
0.00314524175536
0.00314349157608
0.00313843603799
9.52030224895e-05
0.000635688513991
0.00103217649065
0.00130792406204
0.00151178763608
0.00166923343906
0.00179446740262
0.00189600097263
0.00197925689534
0.00204787353063
0.002104411314
0.00215075888208
0.00218837783202
0.00221845488054
0.00224198846924
0.00225977878812
0.00227286579562
0.00228212985137
0.00228848801835
0.00229278394998
0.00229551811682
0.002296809964
0.00229539260627
0.00228901399501
8.1759493982e-05
0.000448761607996
0.000666524761043
0.000804304082512
0.00090126232411
0.000974032984112
0.00103084526216
0.00107628029357
0.00111312201078
0.00114318229263
0.00116771026053
0.00118761666762
0.0012036020892
0.00121623110095
0.00122592685753
0.00123304417988
0.00123819081916
0.00124183475541
0.00124451445075
0.00124681668808
0.00124884336702
0.00125084943564
0.00125109802061
0.00124677116203
5.71855728843e-05
8.35583403376e-05
9.83562789469e-05
0.00010791183045
0.000114790947335
0.000120006792638
0.000124108046626
0.000127383082881
0.000130020599
0.000132144678674
0.000133845942132
0.000135192683013
0.000136239329168
0.000137031752408
0.000137619463158
0.000138068192668
0.000138384476748
0.000138604656837
0.000138770557581
0.000138936839584
0.000139153059165
0.000139490863366
0.000139899845014
0.000140238920578
0.000116347194659
0.001088622532
0.00206725320351
0.00288235698503
0.00356479579231
0.00414177416588
0.00463194432888
0.00504790034835
0.00539815827589
0.00568844418933
0.00592251828191
0.00610270077144
0.00623020313168
0.00630531795399
0.00632750541208
0.00629540731725
0.00620678811254
0.0060583916491
0.00584571085967
0.00556264596392
0.00520095916806
0.00474934372074
0.00419173838076
0.0035030685496
0.000117684267195
0.00109978931095
0.00208594305273
0.00290570666149
0.00359097829158
0.00416956293493
0.0046604489199
0.00507641330755
0.00542607010297
0.00571519853956
0.00594759029955
0.00612558892247
0.00625043074854
0.00632244101957
0.00634112547513
0.0063051961949
0.00621253088939
0.00606005537903
0.00584355854996
0.00555743123679
0.0051942611591
0.0047441624493
0.0041935923949
0.00352244544172
0.000120323834129
0.00112208650272
0.00212298741463
0.00295154219909
0.00364200577224
0.00422345905377
0.0047155407601
0.0051313573845
0.00547969049912
0.00576640721925
0.00599535096418
0.00616890563398
0.00628835001207
0.00635406843232
0.00636565981135
0.00632198068003
0.00622113652608
0.00606042857737
0.00583627475655
0.0055441127608
0.00517829073552
0.00473196035298
0.00419694841653
0.00356352924399
0.000124314740826
0.00115837758801
0.00217995810802
0.0030198914443
0.00371690905021
0.00430186020365
0.00479517045989
0.00521032115843
0.00555627730897
0.00583899891222
0.00606238344842
0.00622885954476
0.00633975816282
0.00639554391756
0.00639595097889
0.00634005519351
0.00622632387114
0.00605267401149
0.00581657560858
0.00551524760481
0.00514604922458
0.00470724123117
0.00419938464254
0.00362833952862
0.000124314132251
0.00115837382021
0.00217995009759
0.00301987965697
0.00371689472343
0.00430184438162
0.00479515385504
0.00521030433929
0.00555626080695
0.0058389830601
0.00606236847497
0.00622884560167
0.00633974530576
0.00639553206078
0.00639594010587
0.00634004546996
0.00622631566343
0.00605266798348
0.00581657295245
0.00551525067798
0.00514606149094
0.00470726712819
0.00419943251037
0.003628422098
0.000120323391127
0.00112208357531
0.00212298129512
0.00295153335113
0.00364199511312
0.00422344732711
0.0047155285039
0.00513134501836
0.0054796784101
0.00576639564461
0.00599534005688
0.00616889549269
0.00628834069512
0.00635405990095
0.00636565205079
0.00632197378717
0.00622113075954
0.00606042441201
0.00583627302497
0.0055441148527
0.00517829891798
0.00473197762943
0.00419697891946
0.00356358476519
0.000117683906712
0.00109978710004
0.00208593901634
0.00290570115574
0.00359097181046
0.00416955587961
0.00466044156355
0.0050764058779
0.005426062804
0.00571519151573
0.00594758362751
0.00612558267034
0.0062504249581
0.00632243570328
0.00634112061815
0.00630519186978
0.00621252727772
0.00606005284605
0.00584355767016
0.00555743278095
0.00519426649165
0.00474417328775
0.0041936099912
0.00352247600807
0.000116347025764
0.00108862151804
0.00206725157863
0.002882354952
0.00356479351096
0.00414177175475
0.00463194185273
0.00504789786383
0.00539815583611
0.00568844184471
0.00592251605645
0.00610269868828
0.00623020120345
0.00630531619268
0.00632750381099
0.00629540589776
0.00620678694049
0.00605839085946
0.00584571065823
0.0055626466239
0.00520096112619
0.00474934754007
0.00419174436181
0.00350307840896
5.71853668262e-05
8.35580390294e-05
9.83559482134e-05
0.000107911491249
0.00011479060782
0.000120006459522
0.000124107724948
0.000127382779072
0.00013002032011
0.000132144436053
0.000133845747193
0.000135192547706
0.000136239275682
0.000137031804342
0.000137619564637
0.000138068388872
0.000138384770882
0.000138605081874
0.000138771195205
0.000138937734455
0.000139154273517
0.000139492466587
0.000139901844599
0.000140241385894
8.17592079043e-05
0.000448760365724
0.000666522334283
0.00080430095969
0.00090125867687
0.00097402885892
0.00103084066507
0.00107627522784
0.00111311649368
0.00114317638853
0.00116770409645
0.00118761045444
0.00120359616272
0.00121622591289
0.0012259232191
0.00123304199037
0.00123818982022
0.00124183538535
0.00124451783181
0.00124682316089
0.00124885283919
0.00125086179686
0.00125111398145
0.00124679409413
9.52026783343e-05
0.000635686337196
0.00103217226453
0.00130791831057
0.00151178058833
0.00166922517899
0.00179445795759
0.00189599036889
0.00197924519483
0.00204786087225
0.00210439798058
0.00215074528933
0.0021883645718
0.00221844265949
0.00224197791162
0.00225977029037
0.00227285956782
0.00228212675695
0.00228848986641
0.00229279152784
0.0022955317308
0.00229683068476
0.00229542316037
0.00228905854581
0.00010379121531
0.000755263976995
0.00127623116013
0.00165788580112
0.00194991681289
0.00218083440331
0.00236761457254
0.00252096054159
0.00264796166516
0.00275352096264
0.00284117129002
0.00291356582757
0.00297278494543
0.00302053388926
0.00305826727677
0.00308722255163
0.00310871715124
0.00312401994155
0.00313433371029
0.00314078558322
0.00314426353018
0.00314526871693
0.00314353325451
0.00313849734206
0.000109862527468
0.000842605658902
0.00145717691879
0.00192143924057
0.00228483086944
0.00257716141754
0.00281676595739
0.0030155453219
0.00318158747924
0.0033206136226
0.00343682685368
0.00353343547833
0.00361298824087
0.00367759518405
0.00372907209989
0.00376900549052
0.00379896125598
0.00382051165187
0.0038351320491
0.00384423325054
0.00384906684183
0.00385060980114
0.00384944771127
0.0038462476473
0.000114363178723
0.000910408146671
0.00159922669658
0.00213004413619
0.00255201361503
0.00289573512669
0.00318034658306
0.00341846284865
0.00361878919875
0.00378757613768
0.00392948109052
0.00404810556478
0.00414634353985
0.00422661428043
0.00429101970594
0.00434144315674
0.00437960478094
0.00440738310107
0.00442648735391
0.00443859313807
0.00444526709432
0.00444788823882
0.00444761070049
0.00444570949251
0.000117768810578
0.000964314514147
0.0017140257434
0.00229987447519
0.00277073166067
0.00315781731533
0.00348084880849
0.00375292648658
0.00398316624483
0.00417817272001
0.00434291412841
0.00448126931864
0.00459638427541
0.00469091198023
0.0047671765652
0.00482728092742
0.00487315760307
0.00490685953885
0.00493032832322
0.00494547377858
0.00495412413077
0.00495796271188
0.00495848804548
0.00495721593004
0.000120369068191
0.00100786878653
0.00180825943082
0.00244028208371
0.00295240963412
0.00337634860913
0.00373227185478
0.00403364299326
0.00428987165021
0.00450780980212
0.00469264239582
0.00484844479854
0.00497854661109
0.005085777204
0.00517263503022
0.00524140174924
0.00529419962467
0.0053332137855
0.00536060189308
0.00537847296879
0.0053888743667
0.00539372076906
0.00539472718523
0.00539349968364
0.00012235250176
0.00104322970628
0.00188613268332
0.00255720490944
0.00310439622824
0.00355977796846
0.00394388737373
0.00427047268195
0.00454916395387
0.00478699174127
0.00498929442818
0.00516028698109
0.00530343248336
0.00542169332545
0.00551770531098
0.00559389770191
0.00565256421349
0.00569598943662
0.0057265329579
0.00574648422302
0.00575808404721
0.00576343556341
0.00576442045291
0.00576270579338
0.000123853891937
0.00107197320852
0.00195058797593
0.00265475971528
0.00323179276279
0.00371400465856
0.00412221705204
0.0044704019135
0.00476835703017
0.0050232429734
0.00524050631863
0.00542445992252
0.00557866262874
0.00570617650305
0.00580974592353
0.00589192326541
0.00595515243442
0.00600181666143
0.00603445439215
0.00605553072918
0.00606747152527
0.00607256086618
0.00607284251707
0.0060700657329
0.000124972247483
0.00109522934132
0.00200381864819
0.00273601225627
0.00333838904125
0.00384341312096
0.00427212006816
0.00463865390166
0.00495293757526
0.00522222363438
0.00545203173319
0.00564674001327
0.00580997316115
0.00594486612396
0.00605424853739
0.00614077537971
0.00620701541016
0.00625549450801
0.00628887617215
0.00630981822176
0.00632094234144
0.00632473346551
0.00632341991355
0.00631887366348
0.000125785796246
0.00111395583579
0.00204760367507
0.00280339981534
0.00342717276229
0.003951449667
0.00439741469725
0.00477933781063
0.00510722978193
0.00538840219085
0.00562841805211
0.00583169320773
0.00600189261096
0.00614220099072
0.00625551331248
0.00634457122763
0.00641205769065
0.00646064692788
0.00649312935168
0.00651236643202
0.0065212025896
0.00652236148479
0.0065183038682
0.00651107395076
0.000126357142964
0.00112905463469
0.00208344044011
0.00285894237641
0.00350061105681
0.00404095261328
0.00450124268288
0.00489583821174
0.00523480220536
0.00552547361545
0.00577343200772
0.00598310578203
0.00615817626492
0.00630185605066
0.00641708635661
0.00650668073088
0.00657342833799
0.00662015935684
0.00664978931235
0.006665419327
0.00667014923006
0.00666699482286
0.00665872057616
0.00664760452116
0.000126730046264
0.00114103161862
0.00211249223165
0.00290431534092
0.00356078279391
0.00411433097344
0.00458628761333
0.00499105847816
0.00533872456982
0.00563662605069
0.00589033511578
0.00610426704725
0.00628209492581
0.00642703624917
0.00654205762067
0.00663002750694
0.00669382974672
0.00673644104348
0.0067609632477
0.00677072184068
0.00676912844619
0.00675956240612
0.00674517887323
0.00672858293198
0.000126946898546
0.00115036153199
0.00213576782443
0.00294095860032
0.00360948335164
0.00417368660438
0.00465490901244
0.00506756423846
0.00542172634014
0.00572471490624
0.00598206737223
0.00619816036696
0.00637663358981
0.00652068253526
0.00663327362824
0.00671730797782
0.00677574736144
0.0068117073801
0.00682850545467
0.00682971240526
0.00681910535415
0.00680051233352
0.00677758772754
0.00675339960771
0.000127050069571
0.00115750035239
0.00215415132453
0.00297013765788
0.00364831778019
0.00422090896183
0.00470922896571
0.00512767580483
0.00548629978503
0.00579237337544
0.0060513687591
0.00626759668164
0.00644463385423
0.00658562266081
0.00669349744452
0.00677115960785
0.00682162097609
0.0068481182247
0.00685418776916
0.00684368734753
0.00682080544535
0.00678991767509
0.00675532133516
0.00672072440229
0.000127096294477
0.00116257855348
0.0021682320624
0.00299288318825
0.00367869374447
0.00425768869929
0.00475117926516
0.00517354174999
0.00553477975209
0.00584209286807
0.00610086370322
0.00631530587806
0.006488896651
0.00662468742209
0.00672553756968
0.00679430295483
0.00683400027021
0.0068479478588
0.00683987572947
0.00681397565358
0.00677487276457
0.00672759632571
0.00667725875951
0.00662843108558
0.00012708228537
0.00116605539736
0.00217879511026
0.0030102221884
0.0037018107163
0.00428550102994
0.00478250696822
0.00520715930709
0.00556937528184
0.00587627517512
0.00613312371185
0.00634400429645
0.00651225907584
0.00664080070923
0.00673235591269
0.00678967138855
0.00681569867276
0.00681376755963
0.00678774365969
0.00674214193324
0.00668206273589
0.00661326211946
0.00654183878595
0.0064735062458
0.00012702461168
0.00116850457387
0.00218670803829
0.00302326893913
0.00371906485178
0.00430588909209
0.00480490068823
0.00523037931241
0.00559216820051
0.00589724571371
0.00615069360438
0.00635643727801
0.0065176521028
0.00663705173532
0.00671716109618
0.00676053186289
0.00676994802331
0.00674863771428
0.00670048699503
0.00663023467318
0.00654350487675
0.00644674237713
0.00634721904663
0.00625206294827
0.000126937130126
0.00117017206365
0.00219256313387
0.00303292956865
0.00373161375994
0.00432029954753
0.00482009368788
0.0052451874334
0.00560531363418
0.00590730085279
0.00615608510159
0.00635538097888
0.00650812864619
0.00661674585295
0.00668348536848
0.00671059644729
0.00670055748114
0.00665632767331
0.00658162296653
0.00648120584983
0.00636112039925
0.00622844094177
0.00609170205028
0.00595954822234
0.000126834618389
0.00117127139765
0.00219686420492
0.00303999087225
0.00374051749824
0.00433004686105
0.00482963380472
0.0052533737238
0.00561087640217
0.00590881994137
0.00615195424049
0.00634375904065
0.00648687619708
0.00658341684754
0.00663522857162
0.00664411289096
0.00661206559901
0.00654155273834
0.00643583634741
0.00629937774693
0.0061382516296
0.00596013040856
0.00577449937624
0.00559139762658
0.00012673399853
0.00117208004933
0.00220018189368
0.00304524155691
0.00374676181856
0.00433631432786
0.00483492123502
0.00525659040058
0.00561079977819
0.00590405949737
0.00614090749878
0.00632455487026
0.00645731401719
0.0065409050701
0.00657669647767
0.00656591248175
0.00650985808916
0.00641020154597
0.00626935861338
0.00609100332831
0.00588059184835
0.00564601478214
0.0053970847552
0.00514477698232
0.000126655533941
0.00117311206444
0.00220329402254
0.00304951194021
0.00375124645534
0.00434014415985
0.00483720666187
0.00525634510408
0.00560689077094
0.00589516642473
0.00612547605871
0.00630073990816
0.00642291024147
0.00649325874823
0.0065125906327
0.0064814229658
0.00640017832306
0.00626944073316
0.00609032059851
0.00586496947909
0.00559729031136
0.00529415916569
0.00496535531671
0.00462176530197
0.000126691763999
0.00117690132135
0.00220856944016
0.00305482878487
0.00375593010168
0.00434358678965
0.00483870303337
0.00525504416198
0.00560176865088
0.00588499695397
0.00610879000336
0.00627576904037
0.0063875103862
0.0064448064202
0.00644784439982
0.00639633462109
0.00628964356776
0.00612698159377
0.00590769312929
0.005631715439
0.00530032484869
0.00491731458592
0.0044905501884
0.00403387327033
)
;

boundaryField
{
    frontAndBack
    {
        type            empty;
    }
    top
    {
        type            calculated;
        value           nonuniform List<scalar> 
56
(
0.00832688456472
0.00834033138994
0.0083436734409
0.0083294054815
0.00829351520085
0.00824209620055
0.00819779009798
0.00820213479159
0.00831618804205
0.009
0.009
0.009
0.009
0.009
0.009
0.009
0.009
0.009
0.009
0.009
0.009
0.009
0.009
0.009
0.00827847666172
0.00828417859742
0.00829525039738
0.00831034432842
0.00831138970353
0.00829611431103
0.0082847354105
0.00827866799465
0.009
0.009
0.009
0.009
0.009
0.009
0.009
0.009
0.009
0.009
0.009
0.009
0.009
0.009
0.009
0.00831674995669
0.00820172779093
0.00819626682441
0.00823997530666
0.00829158828558
0.00832827553127
0.00834351238488
0.00834093531505
0.00832788304687
)
;
    }
    inlet
    {
        type            nutkWallFunction;
        Cmu             0.09;
        kappa           0.41;
        E               9.8;
        value           nonuniform List<scalar> 
56
(
5.21697924448e-05
3.07682941672e-05
2.39465201146e-05
2.03357511689e-05
1.78200490064e-05
1.59432871319e-05
1.45169594626e-05
1.343074333e-05
1.26093498362e-05
1.19970272939e-05
1.15455072245e-05
1.12126734747e-05
1.09619503739e-05
1.07625623033e-05
1.05901900632e-05
1.04269391778e-05
1.02615986926e-05
1.00890715877e-05
9.9144157314e-06
9.76581904863e-06
9.72063911317e-06
9.889088451e-06
1.03035570148e-05
1.08621946038e-05
1.11136300502e-05
1.12591812222e-05
1.25759752846e-05
1.82829863094e-05
1.61611946626e-05
1.58307286872e-05
1.6362414017e-05
1.78867119887e-05
7.06761469738e-06
1.0143846851e-05
1.1836003738e-05
1.29142960957e-05
1.36837634617e-05
1.42633770173e-05
1.47164768831e-05
1.5076384295e-05
1.53647380446e-05
1.55957649664e-05
1.57798275761e-05
1.59247169446e-05
1.60366266481e-05
1.61207572087e-05
1.61819158552e-05
1.62260945228e-05
1.62565310179e-05
1.62770816959e-05
1.62922973817e-05
1.6308709726e-05
1.63321297052e-05
1.63737178943e-05
1.64248138731e-05
1.64661795432e-05
)
;
    }
    outlet
    {
        type            nutkWallFunction;
        Cmu             0.09;
        kappa           0.41;
        E               9.8;
        value           nonuniform List<scalar> 
56
(
5.21699656938e-05
3.07797063202e-05
2.3974340401e-05
2.03634067607e-05
1.78382151026e-05
1.5952241913e-05
1.45201815456e-05
1.34312044717e-05
1.26088501526e-05
1.19964615749e-05
1.15452862208e-05
1.12129557349e-05
1.09627099362e-05
1.07637103648e-05
1.05916377947e-05
1.04286230687e-05
1.02634937784e-05
1.00911623577e-05
9.9167175777e-06
9.76832880096e-06
9.7233326913e-06
9.89183304891e-06
1.03060689605e-05
1.08642674448e-05
1.82828022483e-05
1.2575887929e-05
1.12599912944e-05
1.11151148946e-05
1.78867605591e-05
1.63626111028e-05
1.58310438473e-05
1.61614973877e-05
7.06759171965e-06
1.01438126914e-05
1.18359661701e-05
1.29142577477e-05
1.36837254403e-05
1.42633401956e-05
1.47164418742e-05
1.50763517722e-05
1.53647087204e-05
1.55957396874e-05
1.57798073136e-05
1.59247029318e-05
1.60366203646e-05
1.61207605291e-05
1.61819290307e-05
1.62261166854e-05
1.62565624709e-05
1.62771271392e-05
1.62923638453e-05
1.63088044777e-05
1.63322620555e-05
1.63738965483e-05
1.6425039953e-05
1.64664532226e-05
)
;
    }
    floatingObject
    {
        type            nutkWallFunction;
        Cmu             0.09;
        kappa           0.41;
        E               9.8;
        value           nonuniform List<scalar> 
32
(
1.38678157035e-05
1.56472362608e-05
1.51700960828e-05
1.54478640036e-05
9.76825522233e-06
8.33529914625e-06
7.14444655784e-06
6.18534533503e-06
6.18573775518e-06
7.1450127627e-06
8.33619731807e-06
9.77019200988e-06
1.38701360311e-05
1.56500744723e-05
1.51710802546e-05
1.54479229443e-05
1.41518271236e-05
1.47429543073e-05
1.52837096113e-05
1.56347161469e-05
1.36420878471e-05
1.33102990903e-05
1.3100407844e-05
1.29980403692e-05
1.29981257096e-05
1.310065958e-05
1.33107422158e-05
1.36427449194e-05
1.41527498735e-05
1.47438518226e-05
1.52843333555e-05
1.56350408013e-05
)
;
    }
    bottom
    {
        type            nutkWallFunction;
        Cmu             0.09;
        kappa           0.41;
        E               9.8;
        value           nonuniform List<scalar> 
56
(
1.49476182701e-05
1.49445318737e-05
1.49542350924e-05
1.49666499411e-05
1.49795715125e-05
1.49911415434e-05
1.49997092003e-05
1.50039506167e-05
1.5003267983e-05
1.49947114252e-05
1.49737193939e-05
1.49359283104e-05
1.48765728835e-05
1.47907511203e-05
1.46714321595e-05
1.45098424949e-05
1.42946687144e-05
1.40104319271e-05
1.36353937092e-05
1.31359640027e-05
1.24563550222e-05
1.14846256366e-05
9.94103064865e-06
7.05069944642e-06
1.38004420136e-05
1.39491785083e-05
1.42423092312e-05
1.46842216137e-05
1.46841513124e-05
1.42422580297e-05
1.39491371148e-05
1.38004227369e-05
7.0506768453e-06
9.94100157554e-06
1.148459368e-05
1.24563187677e-05
1.31359227779e-05
1.36353468515e-05
1.40103781459e-05
1.42946061305e-05
1.45097693218e-05
1.46713474257e-05
1.47906551445e-05
1.48764657903e-05
1.49357927835e-05
1.49735722927e-05
1.49945534003e-05
1.50031202449e-05
1.50038185878e-05
1.49996003749e-05
1.49910472943e-05
1.49794903901e-05
1.49665735656e-05
1.49541520306e-05
1.49444370047e-05
1.49475247656e-05
)
;
    }
}


// ************************************************************************* //
