/*--------------------------------*- C++ -*----------------------------------*\
| =========                 |                                                 |
| \\      /  F ield         | foam-extend: Open Source CFD                    |
|  \\    /   O peration     | Version:     3.2                                |
|   \\  /    A nd           | Web:         http://www.foam-extend.org         |
|    \\/     M anipulation  | For copyright notice see file Copyright         |
\*---------------------------------------------------------------------------*/
FoamFile
{
    version     2.0;
    format      ascii;
    class       volScalarField;
    location    "1";
    object      p;
}
// * * * * * * * * * * * * * * * * * * * * * * * * * * * * * * * * * * * * * //

dimensions      [1 -1 -2 0 0 0 0];

internalField   nonuniform List<scalar> 
3200
(
-3.60524924067
-3.45805871949
-3.31139380251
-3.16527493097
-3.01962092441
-2.87438293687
-2.72951408194
-2.58497172287
-2.44071890242
-2.29672406714
-2.15296092651
-2.00940853644
-1.8660516516
-1.72287852822
-1.57988048772
-1.43705883681
-1.29442254862
-1.15198608377
-1.00977218316
-0.867826236366
-0.726240566407
-0.585158688924
-0.444462183544
-0.30495975988
-3.60534596851
-3.45844071008
-3.31204207824
-3.16617203862
-3.02075787291
-2.87575235339
-2.73111101516
-2.586793824
-2.44276648333
-2.29900039971
-2.1554725926
-2.01216579043
-1.86906926322
-1.72617831768
-1.58349406072
-1.44102971888
-1.29880930726
-1.15687388621
-1.01528285645
-0.874118319092
-0.733496059912
-0.593500224121
-0.454176241572
-0.317408039866
-3.60549205714
-3.45898135349
-3.31295316687
-3.16743100873
-3.02235213386
-2.87767171845
-2.73334840282
-2.58934522399
-2.44563076582
-2.30217953791
-2.15897160909
-2.01599200838
-1.87323213588
-1.73069144052
-1.58837569427
-1.44630057835
-1.30449038614
-1.1629864848
-1.02185282944
-0.881169361942
-0.741055981153
-0.601581538971
-0.462948439439
-0.327763429144
-3.60566118459
-3.45960119821
-3.3139968766
-3.16887266717
-3.02417716345
-2.87986841815
-2.73590848352
-2.59226332901
-2.44890410899
-2.30580880673
-2.1629612544
-2.02034845185
-1.87796241332
-1.73580556343
-1.593887777
-1.4522243627
-1.31084255514
-1.16978186461
-1.02910337354
-0.888884487393
-0.749240158842
-0.610227296987
-0.472056858987
-0.337226694413
-3.60585121219
-3.46029275183
-3.31516057481
-3.1704792757
-3.02621029023
-2.88231500952
-2.73875938559
-2.59551222328
-2.45254591295
-2.3098416438
-2.16738823398
-2.02517552142
-1.88319561058
-1.74145158863
-1.59995693186
-1.45872887193
-1.31779143695
-1.17718362886
-1.03696048748
-0.897189097947
-0.757963790365
-0.619323880833
-0.481428722498
-0.346359370881
-3.60606014373
-3.46105126674
-3.31643645513
-3.17223968989
-3.02843746223
-2.88499475854
-2.74188113615
-2.5990688259
-2.45653164369
-2.31425258933
-2.17222398644
-2.03043911997
-1.88889250787
-1.74758692448
-1.60653558564
-1.46575712553
-1.32527410688
-1.18511959243
-1.04533918341
-0.905987058441
-0.767131453281
-0.628789746351
-0.491063158965
-0.355626434151
-3.60628286768
-3.4618687324
-3.31781370102
-3.17414170903
-3.03084483255
-2.88789111108
-2.74525308629
-2.60290710212
-2.46083107603
-2.31900947464
-2.1774348945
-2.03610282008
-1.8950115733
-1.75416521982
-1.61357489508
-1.47325878246
-1.33323872442
-1.19354138611
-1.05420157448
-0.915259694967
-0.7767608537
-0.638702330399
-0.501139706838
-0.365449684587
-3.60650032455
-3.46273203715
-3.31928034379
-3.1761723916
-3.03341736384
-2.89098614753
-2.74885502897
-2.60700441684
-2.46541692956
-2.32407935756
-2.18298456683
-2.04212945244
-1.90151424808
-1.76114488094
-1.62103173427
-1.48119070117
-1.34164240811
-1.20240926118
-1.06351726144
-0.924994884261
-0.786869545289
-0.649122750292
-0.511779996898
-0.37601611861
-3.60668794089
-3.46363535531
-3.3208332861
-3.17832344503
-3.03614056472
-2.89426078776
-2.75266498918
-2.61133714239
-2.47026337229
-2.32943323694
-2.18884046077
-2.04848361907
-1.90836413814
-1.76848819845
-1.62886677129
-1.48951389639
-1.35044797975
-1.21168946079
-1.07325913025
-0.935177068596
-0.797459480147
-0.660078216704
-0.523038983706
-0.387373793908
-3.60705877047
-3.46467113718
-3.32249202987
-3.18059441206
-3.03900397362
-2.89769844346
-2.75666216858
-2.61588177959
-2.47534496128
-2.33504376737
-2.19497330542
-2.05513298682
-1.91552616129
-1.77615893751
-1.63704213609
-1.49818990557
-1.35961944564
-1.2213501171
-1.08340026727
-0.945785417724
-0.808516091574
-0.671562087475
-0.534918584914
-0.399501735317
-3.60763143777
-3.46580371736
-3.32423909402
-3.1829710075
-3.04199325822
-2.90128332233
-2.7608277423
-2.62061631707
-2.48063742936
-2.34088405151
-2.20135385042
-2.06204681261
-1.92296706468
-1.78412191503
-1.64552231942
-1.50718320251
-1.3691222178
-1.23135855247
-1.09391042345
-0.956792632261
-0.820013991702
-0.683548579924
-0.547389835941
-0.412345917732
-3.60807623851
-3.46692761181
-3.32603777716
-3.18542857807
-3.04508799272
-2.90499700209
-2.76514318984
-2.62551949729
-2.48611702874
-2.3469291571
-2.20795481788
-2.06919551873
-1.93065603399
-1.79234507016
-1.65427485255
-1.51646123208
-1.37892303363
-1.24168090688
-1.10475535302
-0.968164219864
-0.831918083551
-0.695998393164
-0.560402134672
-0.425834172285
-3.6084774034
-3.46806127975
-3.32787999978
-3.18795323434
-3.04827150043
-2.9088208832
-2.76958993999
-2.63057235446
-2.49176236334
-2.35315542819
-2.21475109645
-2.07655236001
-1.93856542845
-1.80080017562
-1.66327020096
-1.52599286996
-1.38898896048
-1.2522819536
-1.11589659116
-0.979857244578
-0.844180120811
-0.708855828304
-0.573885380529
-0.439885263258
-3.6088716112
-3.46921010796
-3.32975830738
-3.19053529422
-3.05153257933
-2.9127404215
-2.77415001743
-2.6357556336
-2.49755341717
-2.35954133771
-2.22172029895
-2.08409441085
-1.94667116416
-1.80946172401
-1.67248117821
-1.53574877312
-1.39928787584
-1.26312579382
-1.12729292634
-0.99182224708
-0.856740371913
-0.722050945833
-0.587759267064
-0.45440866249
-3.60926671329
-3.47037513744
-3.33166923051
-3.19316719151
-3.05486097379
-2.91674332601
-2.77880835182
-2.64105206438
-2.50347222719
-2.36606850689
-2.22884313605
-2.0918013842
-1.95495188306
-1.81830699242
-1.68188327245
-1.54570195524
-1.40978941445
-1.27417748216
-1.13890323522
-1.00400915125
-0.869535616765
-0.735505959079
-0.601936675435
-0.469298550653
-3.60966557172
-3.47155700381
-3.3336104948
-3.19584277591
-3.0582471081
-2.92081827689
-2.78355262344
-2.64644798937
-2.50950366254
-2.37272068529
-2.23610247795
-2.0996553234
-1.96338876133
-1.82731607853
-1.69145503388
-1.55582872626
-1.42046651961
-1.28540498962
-1.15068853516
-1.01637023857
-0.882505868584
-0.74914389064
-0.616320398542
-0.484440468246
-3.61006870495
-3.47275390439
-3.33557821165
-3.19855646475
-3.06168338768
-2.92495572471
-2.78837178673
-2.65193107895
-2.51563425352
-2.37948357177
-2.24348345324
-2.10764093882
-1.97196612338
-1.83647278626
-1.70117940675
-1.56611039979
-1.43129754389
-1.29678161848
-1.16261417788
-1.0288594973
-0.895589890433
-0.762882607313
-0.630800719671
-0.499691230863
-3.61047631113
-3.47396436244
-3.33756871703
-3.2013025548
-3.06516213403
-2.92914631112
-2.79325521652
-2.6574898431
-2.5218520713
-2.38634515593
-2.25097424682
-2.11574678786
-1.98067293718
-1.84576642905
-1.71104572909
-1.57653558305
-1.44226896026
-1.30828951452
-1.17465464881
-1.04143897491
-0.908731750076
-0.776640316444
-0.645263084686
-0.514890463865
-3.61088908191
-3.47518754577
-3.33957857556
-3.20407528299
-3.06867561631
-2.93338094484
-2.79819306024
-2.66311427269
-2.5281474175
-2.39329647057
-2.25856691286
-2.12396610648
-1.989503801
-1.85519302188
-1.72105128677
-1.58710235637
-1.45337863514
-1.31992448765
-1.18680056642
-1.05408903613
-0.921894446318
-0.790350238513
-0.659597507
-0.529866563824
-3.61130919199
-3.47642418981
-3.34160530978
-3.20686974817
-3.07221719218
-2.93765214494
-2.8031776008
-2.66879690466
-2.53451348749
-2.40033169877
-2.26625692173
-2.132296065
-1.99845801332
-1.86475440025
-1.7312007719
-1.5978183598
-1.46463688207
-1.33169842231
-1.19906293454
-1.06681511805
-0.935068740115
-0.803976287306
-0.673716720367
-0.544447737679
-3.6117450521
-3.47767481751
-3.34364460308
-3.20968065793
-3.07578076531
-2.94195381836
-2.80820295644
-2.67453227957
-2.54094541227
-2.40744685076
-2.27404165809
-2.1407361344
-2.00753794757
-1.87445680246
-1.74150532966
-1.60870072184
-1.47606761398
-1.34364209323
-1.21147805327
-1.07965637846
-0.948291512152
-0.817543244602
-0.687612285356
-0.558558795092
-3.61224968805
-3.478945998
-3.34568596847
-3.21249810686
-3.07935699112
-2.94627813211
-2.81326242867
-2.68031495154
-2.54743919171
-2.41464010221
-2.28192260279
-2.1492927118
-2.01675718612
-1.88432411351
-1.75200351045
-1.61980869221
-1.48775885271
-1.35588180685
-1.22422164553
-1.09284885206
-0.961862968962
-0.831390734735
-0.701584628598
-0.572368645249
-3.61289681222
-3.48028060999
-3.34774180661
-3.21532708455
-3.08294382666
-2.95062088982
-2.81834927461
-2.68613609676
-2.55398355728
-2.42189749955
-2.28988242247
-2.1579441587
-2.02608838208
-1.89432127657
-1.76264925461
-1.63107897824
-1.49961814516
-1.36828109216
-1.23708751262
-1.10606962314
-0.975335671462
-0.845151481081
-0.715756909415
-0.586832648669
-3.61294789457
-3.48144113726
-3.34968939402
-3.21809472059
-3.08649898891
-2.95495085144
-2.82343847757
-2.69197281802
-2.5605575055
-2.42920036339
-2.29790786495
-2.16668803381
-2.03554888744
-1.90449924808
-1.77354838619
-1.64270619294
-1.51198438599
-1.38139480303
-1.25095179715
-1.12067153456
-0.990600851524
-0.860830916005
-0.731419237883
-0.602091400677
-3.60977158424
-3.47153736361
-3.3337994337
-3.19659638313
-3.05983526339
-2.92346916685
-2.78745382618
-2.65174744396
-2.51631267355
-2.38111641394
-2.2461294867
-2.11132651702
-1.97668581625
-1.84218961158
-1.7078265161
-1.57359212732
-1.43948237209
-1.3054951162
-1.17164549038
-1.0379738244
-0.904542713492
-0.771445482552
-0.638889363181
-0.50735356414
-3.60916334857
-3.46968918269
-3.33071727849
-3.19228354948
-3.05429644462
-2.9167089214
-2.77947607901
-2.64255565196
-2.50591001086
-2.36950596062
-2.23331444976
-2.09731047635
-1.96147296465
-1.82578479501
-1.69023598205
-1.55482540763
-1.41955198146
-1.28441565517
-1.14943424675
-1.01464614104
-0.880111313171
-0.745956211128
-0.612444142897
-0.480038796464
-3.60797182695
-3.46606909981
-3.32468069663
-3.18383727585
-3.04344903289
-2.90346801394
-2.76384808552
-2.62454624666
-2.48552454152
-2.34674974263
-2.20819314361
-2.06983044584
-1.93164171607
-1.79361108064
-1.65572892784
-1.51799404325
-1.38040864051
-1.24297905905
-1.10572708488
-0.968701867711
-0.832003975074
-0.695834871536
-0.560512862347
-0.426318811334
-3.60627781625
-3.46091931048
-3.31608578244
-3.17180092591
-3.02797775146
-2.88456724269
-2.74152194232
-2.59879827692
-2.45635834324
-2.31416969816
-2.17220546092
-2.03044469183
-1.88887318595
-1.74748291906
-1.60627441183
-1.46526327284
-1.32447910239
-1.18396488294
-1.0437810987
-0.904007942595
-0.764740982961
-0.6260932853
-0.487990827155
-0.3497810899
-3.60627427065
-3.46091240916
-3.31607988521
-3.17179871417
-3.02797946253
-2.88457179307
-2.74152826152
-2.59880583088
-2.45636731381
-2.314180658
-2.17221907483
-2.03046163104
-1.88889379631
-1.74750713786
-1.6063022082
-1.46529481838
-1.32451442626
-1.18400389022
-1.0438235832
-0.904054169476
-0.764792189248
-0.626150964365
-0.488057031488
-0.349857784104
-3.6079682907
-3.46606159554
-3.3246732215
-3.18383256462
-3.04344769807
-2.90346924492
-2.76385094052
-2.62455023143
-2.4855297147
-2.3467564701
-2.20820194791
-2.06984189683
-1.93165618627
-1.79362855045
-1.6557492994
-1.51801733645
-1.38043483234
-1.24300820918
-1.10575932222
-0.968737630458
-0.832044316139
-0.695880727671
-0.560564173698
-0.426373929953
-3.60916019821
-3.46968224124
-3.33071004072
-3.19227834789
-3.05429393974
-2.91670857204
-2.77947715348
-2.64255770424
-2.505912954
-2.36950994371
-2.23331977727
-2.09731748929
-1.96148190143
-1.82579567327
-1.69024874646
-1.5548400068
-1.41956844016
-1.28443407596
-1.14945486549
-1.01466919413
-0.880137166934
-0.745984889556
-0.612475445725
-0.48007121617
-3.60977020229
-3.4715343261
-3.33379630535
-3.196594091
-3.05983406994
-2.92346887077
-2.78745413869
-2.65174815943
-2.51631372006
-2.38111782488
-2.24613135404
-2.11132895266
-1.97668888631
-1.84219334252
-1.70783086761
-1.57359713351
-1.43948799252
-1.30550149692
-1.1716526459
-1.03798193997
-0.904551594797
-0.771455336161
-0.638899636234
-0.507364112724
-3.61294741294
-3.48144341724
-3.34969297924
-3.21810017041
-3.08650552893
-2.95495808012
-2.82344642389
-2.69198128501
-2.56056651115
-2.42920982841
-2.2979177572
-2.16669828865
-2.03555946506
-1.90451013753
-1.77355955478
-1.64271767612
-1.51199615867
-1.38140696257
-1.25096444925
-1.12068480287
-0.990614850783
-0.860845652612
-0.731434671982
-0.602107807056
-3.61289586389
-3.48027764989
-3.34774281467
-3.21533150964
-3.08295058002
-2.95062884851
-2.81835804337
-2.68614517873
-2.55399271043
-2.42190645825
-2.28989096361
-2.15795206771
-2.02609549225
-1.89432749442
-1.76265452884
-1.63108327571
-1.49962178519
-1.3682844099
-1.23709083169
-1.10607345118
-0.975340538933
-0.845157773709
-0.71576482125
-0.58684292078
-3.61224857207
-3.47894749503
-3.34569127903
-3.2125058902
-3.0793662075
-2.94628796844
-2.81327240611
-2.68032460044
-2.54744815652
-2.41464802442
-2.28192913653
-2.14929753543
-2.0167600801
-1.88432497202
-1.75200232068
-1.61980559128
-1.48775420645
-1.35587613356
-1.22421572534
-1.09284350007
-0.96185889155
-0.831388582162
-0.701585190259
-0.572373230751
-3.61174581498
-3.47767861954
-3.34365161307
-3.20968974959
-3.07579082643
-2.94196401227
-2.80821272545
-2.6745411476
-2.54095296512
-2.40745264559
-2.27404524014
-2.14073708548
-2.00753597647
-1.87445175079
-1.74149724755
-1.60868991216
-1.47605470277
-1.34362799095
-1.21146388408
-1.07964329399
-0.948280587258
-0.817535421826
-0.68760850401
-0.558560262465
-3.61131041182
-3.47642835731
-3.34161228515
-3.20687842188
-3.07222642146
-2.93766105461
-2.80318553447
-2.66880335879
-2.534518066
-2.40033396265
-2.26625635292
-2.13229217515
-1.99845042727
-1.86474301469
-1.731185752
-1.59780016109
-1.4646163763
-1.33167682222
-1.19904166515
-1.06679569334
-0.935052561921
-0.803964556028
-0.673710428165
-0.544447720095
-3.61089006771
-3.47519090319
-3.3395842406
-3.20408234339
-3.06868303864
-2.93338776574
-2.79819843194
-2.66311753731
-2.52814814052
-2.39329426606
-2.2585612867
-2.12395653978
-1.98948999222
-1.85517499671
-1.72102937216
-1.58707721016
-1.45335129663
-1.31989630079
-1.18677317584
-1.0540642428
-0.921873958091
-0.790335540265
-0.659589632635
-0.529865969159
-3.61047701
-3.47396683654
-3.33757310837
-3.20130830341
-3.06516834625
-2.92915191698
-2.79325905468
-2.65749092503
-2.52184974652
-2.38633899585
-2.25096381571
-2.11573166729
-1.98065298536
-1.84574188797
-1.71101721396
-1.57650397496
-1.4422353494
-1.30825530755
-1.17462156977
-1.04140900644
-0.908706929929
-0.776622427065
-0.645253374212
-0.514889140321
-3.61006922653
-3.47275585918
-3.33558194567
-3.19856174419
-3.0616894903
-2.92496149321
-2.78837576899
-2.65193189177
-2.51563090563
-2.37947543289
-2.24347005266
-2.10762195003
-1.97194152848
-1.8364430446
-1.7011453564
-1.5660730993
-1.43125822736
-1.29674174349
-1.16257549173
-1.02882412971
-0.895560166569
-0.762860753294
-0.630788361362
-0.499688491016
-3.60966594599
-3.47155855886
-3.33361380149
-3.1958478853
-3.05825347095
-2.9208247357
-2.78355761138
-2.64644988498
-2.50950116218
-2.37271289347
-2.23608876388
-2.09963527751
-1.96336233439
-1.82728368401
-1.69141752917
-1.55578728465
-1.4204225671
-1.28536014623
-1.15064469352
-1.01632965739
-0.882471124779
-0.749117687423
-0.616304856936
-0.484435798
-3.60926691488
-3.47037623725
-3.33167202088
-3.19317199548
-3.05486742062
-2.91675035524
-2.77881442519
-2.64105553072
-2.50347164122
-2.36606274824
-2.22883134152
-2.09178292595
-1.95492646139
-1.8182747748
-1.68184493078
-1.54565864032
-1.40974268945
-1.27412927532
-1.13885569402
-1.00396464905
-0.869496929413
-0.73547613615
-0.601918301883
-0.46929204155
-3.60887163974
-3.46921077594
-3.32976059476
-3.19053976775
-3.05153908484
-2.91274802895
-2.77415727168
-2.63576093429
-2.49755529701
-2.35953853685
-2.22171172979
-2.08407918688
-1.9466487072
-1.80943190168
-1.67244441132
-1.53570607931
-1.39924091938
-1.2630767238
-1.12724411966
-0.991776167205
-0.856699830672
-0.722019274693
-0.587739271872
-0.45440087019
-3.60847729012
-3.4680616656
-3.32788199911
-3.18795761448
-3.04827832391
-2.90882936994
-2.76959872251
-2.63057988533
-2.49176717127
-2.35315617191
-2.21474653121
-2.07654138506
-1.93854723659
-1.80077440489
-1.66323707165
-1.52595328093
-1.38894456114
-1.25223497578
-1.11584943502
-0.979812366435
-0.844140324201
-0.708824414172
-0.573865158227
-0.439876900101
-3.60807600474
-3.46692792889
-3.32603981294
-3.18543323895
-3.04509551614
-2.9050067601
-2.76515391577
-2.62552969568
-2.48612524226
-2.34693400439
-2.20795496389
-2.0691897294
-1.93064333463
-1.7923249254
-1.65424732745
-1.51642713526
-1.37888394087
-1.2416389534
-1.10471282163
-0.968123423571
-0.831881655608
-0.695969315606
-0.56038306192
-0.425825998697
-3.60763091658
-3.46580411759
-3.32424148992
-3.18297633095
-3.04200186727
-2.90129470735
-2.76084074644
-2.6206295314
-2.48064944551
-2.34089349178
-2.20135935457
-2.06204710202
-1.92296106236
-1.78410893679
-1.64550229212
-1.5071568282
-1.36909095105
-1.23132434683
-1.09387534496
-0.956758722456
-0.819983500453
-0.683524071753
-0.547373722805
-0.412339232531
-3.60705742886
-3.46467165033
-3.32249502591
-3.18060071486
-3.03901397395
-2.89771170712
-2.75667765156
-2.61589819341
-2.47536098241
-2.3350580726
-2.19498457975
-2.05513997599
-1.9155277751
-1.77615439967
-1.63703121346
-1.49817316288
-1.35959820933
-1.22132608356
-1.08337519803
-0.945761003249
-0.808494116826
-0.671544574958
-0.53490755597
-0.399498391459
-3.60668646754
-3.46363622655
-3.32083715656
-3.17833095828
-3.03615213922
-2.89427602902
-2.75268297172
-2.61135672264
-2.47028335068
-2.32945239018
-2.18885757899
-2.04849755376
-1.90837384957
-1.76849288191
-1.62886608822
-1.4895082321
-1.35043846264
-1.21167756276
-1.07324620044
-0.935164385472
-0.797448388852
-0.660070116501
-0.523035465881
-0.387376089797
-3.6064995063
-3.46273368107
-3.31928519048
-3.17618121096
-3.03343051838
-2.89100326386
-2.74887530488
-2.60702687426
-2.46544052115
-2.32410300566
-2.18300722636
-2.04215014493
-1.90153206002
-1.76115902133
-1.62104177537
-1.48119687566
-1.34164563462
-1.20241071616
-1.06351793676
-0.924995558642
-0.786871071912
-0.649126124438
-0.511786299691
-0.376026350171
-3.60628237131
-3.46187090663
-3.31781941379
-3.17415170478
-3.03085935314
-2.88790976029
-2.74527517601
-2.60293183178
-2.46085757705
-2.31903686091
-2.17746235001
-2.03612959607
-1.89503691494
-1.75418839174
-1.61359540653
-1.47327672607
-1.33325481085
-1.1935565409
-1.05421641764
-0.915274528604
-0.776776060121
-0.638718465875
-0.501157515045
-0.36546982099
-3.60605975494
-3.4610536428
-3.31644266967
-3.1722504697
-3.02845286287
-2.88501431663
-2.74190425065
-2.59909485586
-2.45655990121
-2.31428243948
-2.17225492191
-2.03047068052
-1.88892415807
-1.74761796201
-1.60656541005
-1.46578573731
-1.32530214103
-1.18514773413
-1.04536768817
-0.906015856902
-0.767160476863
-0.628819176896
-0.491093317397
-0.355657768922
-3.60585070412
-3.46029480468
-3.31516662374
-3.17049011892
-3.02622579736
-2.88233457745
-2.73878243615
-2.59553820004
-2.45257432853
-2.30987221301
-2.16742082377
-2.02521002928
-1.88323167296
-1.74148844455
-1.59999391984
-1.45876603102
-1.31782933577
-1.17722279325
-1.03700089545
-0.897230374331
-0.758005643316
-0.619366059573
-0.481471194473
-0.346402569208
-3.6056602912
-3.4596022259
-3.31400181605
-3.16888255558
-3.02419175706
-2.87988691771
-2.73593019612
-2.59228773875
-2.44893098797
-2.30583823234
-2.16299349916
-2.02038370364
-1.87800035756
-1.73584543371
-1.59392897847
-1.45226698977
-1.31088717563
-1.16982887503
-1.02915257236
-0.88893541105
-0.749292393584
-0.610280427723
-0.472110692183
-0.337281816248
-3.6054904899
-3.45898052108
-3.31295586951
-3.16743875
-3.02236465503
-2.87768799766
-2.73336753816
-2.58936672807
-2.44565461673
-2.30220613427
-2.15900151259
-2.0160255322
-1.87326906647
-1.73073111745
-1.58841764329
-1.44634505564
-1.30453792925
-1.16303730986
-1.0219067314
-0.881225930029
-0.741114912042
-0.601642541881
-0.463011575533
-0.327829474151
-3.60534341308
-3.45843721406
-3.3120414899
-3.1661764966
-3.02076723077
-2.87576536763
-2.73112655576
-2.58681135311
-2.44278610377
-2.29902268169
-2.15549819407
-2.01219513344
-1.86910227549
-1.72621454919
-1.58353331819
-1.44107232538
-1.29885570677
-1.15692415285
-1.01533680871
-0.874175743198
-0.733556975568
-0.593564797233
-0.45424552428
-0.31748294203
-3.60524590345
-3.45805291257
-3.31139002973
-3.16527578201
-3.01962638911
-2.87439170818
-2.72952495147
-2.58498409676
-2.44073294202
-2.29674037988
-2.1529801783
-2.00943127316
-1.8660780321
-1.72290832294
-1.57991372205
-1.43709587081
-1.29446362119
-1.15203122087
-1.00982125207
-0.867879154442
-0.72629814385
-0.585221999476
-0.444533899887
-0.30504192071
-0.474243849724
-0.345385982488
-0.213511531431
0.0886418324514
-0.460180563466
-0.334322301776
-0.209140339261
-0.0247645523391
-0.44676010528
-0.322953227812
-0.195152645325
-0.0379115516502
-0.434360395828
-0.312068853275
-0.183217967353
-0.0385257974591
-0.420696157929
-0.298248439408
-0.169205127438
-0.001066415703
-0.405937992415
-0.282669729363
-0.15479673678
0.0623420440541
-0.390482378632
-0.266280670717
-0.140374093289
0.143599824862
-0.374730369129
-0.249659033573
-0.125879353655
0.241625200054
-0.358949582842
-0.233089432771
-0.111158123106
0.360859891223
-0.343332839461
-0.21674697051
-0.0962831773497
0.513196420564
-0.32803452824
-0.20078258926
-0.0815334991754
0.718573631687
-0.313169936996
-0.185389885635
-0.0665841651093
0.985617079744
-0.298852642893
-0.170788184164
-0.0510680764444
1.3216960253
-0.285178232421
-0.157139510972
-0.0344876820264
1.73141191132
-0.272235482012
-0.144593536611
-0.0163814643844
2.21790622685
-0.260108204133
-0.133281847721
0.00362201827177
2.78975311898
-0.248863770392
-0.123323235924
0.0259912678928
3.46138025299
-0.238523933561
-0.114824810217
0.0514677929789
4.25196085178
-0.228992358077
-0.107834329804
0.0810519452328
5.18704782511
-0.219962824857
-0.102123278557
0.116134164775
6.30255484652
-0.210878724996
-0.0966411149724
0.160786866556
7.64898567021
-0.201507684473
-0.0897294513931
0.230505487596
9.32403562838
-0.192396655707
-0.0783406920084
0.353672038134
11.4013113093
-0.184223591044
-0.0581211249616
0.604221758988
13.5525557765
0.0702098129553
0.656987902351
5.21297165629
26.042461779
-0.026478236731
0.271105342517
3.26280015191
21.6471011891
-0.0921805189811
0.0787657427113
1.81230983146
18.4185729519
-0.151419975023
0.0191515859485
1.23957177565
16.0061262998
-0.243811403854
-0.170682549234
-0.0993141160787
-0.0197076053088
-0.318061955722
-0.234026960438
-0.152207316499
-0.0673809631673
-0.369331066891
-0.277778287657
-0.187978502645
-0.0986140631274
-0.394972103727
-0.299713666933
-0.205962884115
-0.114129524328
-0.394983804489
-0.299725644825
-0.205974232873
-0.114141743274
-0.369365315743
-0.277813550991
-0.188011616613
-0.098649326703
-0.318120034353
-0.234084392226
-0.152260913933
-0.0674348803595
-0.243893989502
-0.170761142341
-0.0993887886003
-0.0197758080445
-0.151520951057
-0.0922836527314
-0.0265972811453
0.0701281537143
0.0188438937419
0.0784541105718
0.27048802429
0.656183969406
1.23664673393
1.80802054105
3.25570658086
5.20114613384
15.9788663458
18.385769194
21.6082856606
25.9912634526
13.5290842832
0.602482421644
-0.0582746282535
-0.184314711254
11.3816905971
0.352546195398
-0.0784423655121
-0.192480113503
9.30855987672
0.229783583037
-0.0898059738096
-0.201579478687
7.63693257478
0.160310562946
-0.0966952911075
-0.210936600015
6.29321535611
0.115815340107
-0.102159968004
-0.220006573279
5.17986428327
0.0808402819843
-0.107857668448
-0.229023305595
4.24646214059
0.0513279027567
-0.114837926993
-0.238543762638
3.45719826828
0.025901281604
-0.123328937746
-0.248874600044
2.78657581141
0.00356752881887
-0.133283032633
-0.260112431919
2.21549492979
-0.0164120476787
-0.144592322724
-0.272235442793
1.72961743221
-0.0345012918941
-0.157138109275
-0.28517618613
1.32042332814
-0.0510709338215
-0.170787915756
-0.298850290724
0.984800300841
-0.0665845131566
-0.185391403888
-0.313168347414
0.718034172304
-0.0815331142125
-0.200785980035
-0.328034024409
0.512903876072
-0.0962871792115
-0.216752069692
-0.34333378349
0.360704014774
-0.11116642184
-0.23309637734
-0.358952185585
0.241532146129
-0.12589121862
-0.249667893831
-0.374734554041
0.143541010204
-0.140389290905
-0.266291053486
-0.390487701708
0.0623003888777
-0.154814810795
-0.282681100221
-0.405943893315
-0.0011005395832
-0.169225313403
-0.298260716964
-0.420702550477
-0.0385567031605
-0.183240050122
-0.31208268598
-0.434368038198
-0.0379435309215
-0.195176012242
-0.322969183557
-0.446770043241
-0.0248091985489
-0.209163309288
-0.334340310131
-0.460194203296
0.0885627729698
-0.213535998419
-0.345405403024
-0.474261425266
224.131337665
105.413996688
28.6585756804
3.49347659017
240.178257828
120.601099874
33.3932864371
2.97419577921
254.573109451
132.88243995
39.3269576208
3.61760553169
267.742307982
144.514794578
45.4803710662
4.55666028305
279.98076132
155.716314797
52.0151637789
5.8360366942
291.559049115
166.608484
58.7709618427
7.4055835429
302.638904149
177.26324151
65.717018577
9.24840949073
313.31188788
187.696986024
72.8491707002
11.3555170281
323.64223153
197.901306292
80.1598754009
13.7400278806
333.687169359
207.88686682
87.6168253924
16.4081151992
343.500049639
217.696446006
95.1939649036
19.3348656711
353.123592889
227.367280974
102.885306448
22.4967018806
362.593706057
236.925548619
110.691110125
25.8811070162
371.943565547
246.395097236
118.616467117
29.4853083637
381.204002206
255.803683822
126.670679648
33.3119336541
390.40205991
265.178522595
134.862650553
37.3690074936
399.556920639
274.54200743
143.198665609
41.669196289
408.669866888
283.901484785
151.681456505
46.2322428252
417.72570013
293.258750456
160.317253792
51.0875966236
426.690732907
302.597457651
169.091936742
56.2645906837
435.489046246
311.871866273
177.974008129
61.7787409698
444.007010452
321.063043811
186.963396706
67.6460579059
451.90273895
330.03291509
196.074053107
73.8810030581
458.635418905
337.809561958
204.573936929
79.9065367979
273.156286291
207.994697727
138.158677843
72.7161239333
328.642486628
246.915537565
157.97131627
74.7281274253
382.967007293
285.683955354
178.937177285
78.4509693428
436.523391912
323.94719141
199.427314197
81.6082742523
531.348499593
465.45867165
398.169656287
328.994589112
606.818907454
530.326387847
452.566747201
372.807884788
658.477422536
574.837185033
489.905077173
402.98024789
684.79355084
597.526914172
508.930271644
418.365580617
684.783000891
597.515337373
508.917938515
418.352400942
658.446238485
574.802977634
489.86858262
402.941225243
606.76847661
530.270927373
452.507362835
372.744464152
531.280519688
465.38402067
398.0893554
328.909078163
436.439407887
382.875815358
328.544010457
273.051630781
323.850619937
285.580315269
246.804109418
207.876708849
199.325918462
178.828953136
157.856899734
138.038542642
81.5303082525
78.3670461077
74.6391541241
72.6181540224
79.8368493589
204.480081213
337.719317713
458.554148411
73.8198309021
195.987646145
329.948187148
451.823297566
67.5931725547
186.88517468
320.984960481
443.93201071
61.7334722532
177.903705752
311.800039948
435.418310342
56.2258702085
169.028348783
302.529452307
426.621116866
51.0544988976
160.259543361
293.194254047
417.657961524
46.2040993702
151.629678297
283.842260318
408.607483106
41.6453514841
143.152656995
274.488501372
399.500613173
37.3488180823
134.821821281
265.13001767
390.350820254
33.2948775739
126.634454778
255.759629432
381.157279012
29.4709682963
118.584393878
246.355114722
371.901062011
25.8691005976
110.662782218
236.889336513
362.555126841
22.4867866246
102.860427459
227.334632861
353.088715492
19.3268473032
95.1723987284
217.667225644
343.468699106
16.4018125748
87.5983351371
207.860881241
333.659153958
13.7353327122
80.1442874317
197.878262902
323.617303322
11.352145755
72.8363554413
187.676791026
313.289855483
9.24606311255
65.7067811341
177.245943608
302.619701984
7.40398880625
58.7630071106
166.5940335
291.542604084
5.83496255042
52.00905795
155.704337508
279.966836135
4.55595339262
45.4758137153
144.505088504
267.730920956
3.61719756356
39.3240820395
132.875536315
254.564958851
2.97397021353
33.3923948554
120.598079962
240.174554817
3.49306115901
28.6591962612
105.416037007
224.133396373
3374.19259842
3256.07817026
3137.76192679
3019.08837274
2900.1231628
2780.85204731
2661.27994313
2541.41291853
2421.25594057
2300.81275097
2180.08497216
2059.07128481
1937.76945331
1816.17634621
1694.28045326
1572.06152723
1449.49572248
1326.55493367
1203.20215227
1079.38326859
955.024195151
830.043465342
704.304110735
577.167745968
3373.89807424
3255.60092432
3137.10199264
3018.25059157
2899.10840449
2779.66209939
2659.91577478
2539.87446847
2419.54203605
2298.92106617
2178.01189484
2056.81177192
1935.31627042
1813.51898457
1691.40561398
1568.95434987
1446.13900323
1322.92627717
1199.27431742
1075.12587882
950.4080032
825.059956343
698.966870137
571.151101116
3373.51958762
3254.95477677
3136.1926025
3017.08537324
2897.69146069
2777.99776266
2658.00726646
2537.72360255
2417.14933195
2296.28615898
2175.13345594
2053.68659084
1931.93909157
1809.88258722
1687.50040409
1564.76929569
1441.6633046
1318.14747426
1194.17731575
1069.69675453
944.635294152
818.933744885
692.476046065
564.31279767
3373.09187433
3254.22208312
3135.15923544
3015.76016311
2896.07962805
2776.10507704
2655.83814183
2535.28042507
2414.43268017
2293.29606151
2171.87038675
2050.14888105
1928.12149102
1805.77908896
1683.10465546
1560.07228575
1436.65372381
1312.81353258
1188.50674161
1063.67820166
938.259289072
812.185866229
685.341881358
556.833772277
3372.61667055
3253.4063629
3134.0075566
3014.28166712
2894.2798963
2773.99205233
2653.41853005
2532.55736914
2411.40724339
2289.96878595
2168.24246361
2046.2211553
1923.89128167
1801.24064043
1678.25236835
1554.90080422
1431.15594176
1306.9809068
1182.33072969
1057.15123163
931.376178154
804.939646452
677.733073708
548.917597919
3372.09910548
3252.5147373
3132.7470291
3012.6625262
2892.30816685
2771.67590372
2650.76566732
2529.57286565
2408.09488968
2286.33114746
2164.28001155
2041.93469291
1919.28150913
1796.30519009
1672.98794167
1549.30472905
1425.22531464
1300.71249947
1175.72074652
1050.19731308
924.07902824
797.301359944
669.767480803
540.681142492
3371.54318036
3251.55317888
3131.38589965
3010.91442227
2890.18050693
2769.17500724
2647.89769232
2526.34511689
2404.51438057
2282.40315766
2160.00677726
2037.31747902
1914.32323604
1791.00747057
1667.35095848
1543.32903661
1418.91085856
1294.06043505
1168.73413144
1042.88072668
916.440057554
789.351195288
661.529484652
532.212988096
3370.95343588
3250.52800297
3129.93188429
3009.04539618
2887.90512737
2766.50051545
2644.83063028
2522.89364077
2400.68648014
2278.20547959
2155.44515798
2032.39626695
1909.04684382
1785.38043899
1661.37630093
1537.01060442
1412.25372498
1287.07064298
1161.42037484
1035.25378652
908.514690129
781.148490554
653.080274672
523.576564218
3370.33400746
3249.44571219
3128.39344415
3007.06464596
2885.49127376
2763.66324249
2641.57833253
2519.23465906
2396.63000888
2273.75983507
2150.61809719
2027.19517148
1903.47776977
1779.4502135
1655.09244809
1530.38093411
1405.28778096
1279.77955353
1153.81766137
1027.35644879
900.344336546
772.7340513
644.460812066
514.815574581
3369.69003971
3248.31333049
3126.779162
3004.98236545
2882.95030792
2760.67524033
2638.15404091
2515.38299546
2392.36106278
2269.08411362
2145.54432941
2021.73242219
1897.63561892
1773.23849807
1648.5224124
1523.46461175
1398.03849554
1272.21315713
1145.95241348
1019.21483534
891.954725207
764.131088017
635.690359081
505.949283065
3369.02364168
3247.13495336
3125.09529467
3002.80754025
2880.29344657
2757.54790342
2634.56891381
2511.35120591
2387.89274398
2264.19046232
2140.23672197
2016.02231186
1891.53563146
1766.7618133
1641.68301315
1516.27803186
1390.52226397
1264.38777525
1137.84112609
1010.8443507
883.358162906
755.348593552
626.772139053
496.975303692
3368.34466845
3245.92240351
3123.35193134
3000.54982392
2877.53146485
2754.29227789
2630.83181269
2507.146359
2383.23279183
2259.08775021
2134.70489788
2010.07547456
1885.18842433
1760.03002052
1634.58377099
1508.83026972
1382.74716468
1256.3092834
1129.48746794
1002.24793919
874.556044687
746.385406107
617.701033774
487.882005794
3367.65237547
3244.68100953
3121.55608527
2998.2151696
2874.66866539
2750.9134995
2626.94952108
2502.77505596
2378.38739021
2253.7827308
2128.9553381
2003.89737329
1878.59880455
1753.04725033
1627.22788572
1501.12338797
1374.71397324
1247.97656326
1120.8865227
993.416775706
865.537130838
737.2271074
608.459246901
478.648487159
3366.95161352
3243.40670354
3119.7095759
2995.80735178
2871.70893929
2747.41523166
2622.92663398
2498.24247007
2373.36078972
2248.27827147
2122.98993463
1997.48896699
1871.76660639
1745.81204497
1619.61237818
1493.15263572
1366.41603223
1239.38210246
1112.02930261
984.33695825
856.281723786
727.848473341
599.01710016
469.243857122
3366.25147573
3242.11433974
3117.81894385
2993.33183896
2868.65748281
2743.80145023
2618.76541309
2493.54971949
2368.15328863
2242.57359734
2116.80662746
1990.8467667
1864.68672409
1738.31747118
1611.72821555
1484.90644414
1357.83810389
1230.50703618
1102.8954282
974.986119217
846.762970994
718.217868173
589.339268478
459.630460148
3365.55694992
3240.80901924
3115.88901973
2990.79200799
2865.51626087
2740.07308492
2614.46556919
2488.69523844
2362.76202075
2236.6643779
2110.39942772
1983.96292809
1857.34924227
1730.55131397
1603.56066548
1476.36744527
1348.95970354
1221.32586216
1093.4542587
965.330871607
836.944362145
708.294982565
579.382836241
449.762680903
3364.87192176
3239.49435613
3113.9229766
2988.1896464
2862.28544239
2736.2288652
2610.02436294
2483.6747596
2357.18107867
2230.54288666
2103.75857961
1976.82544272
1849.73966325
1722.49634116
1595.08953328
1467.5124374
1339.75587092
1211.81137968
1083.67292238
955.332420449
826.783016795
698.03267104
569.096064153
439.584487813
3364.21128007
3238.18192166
3111.92598142
2985.52622292
2858.96377521
2732.26558233
2605.4368153
2478.48151601
2351.40175057
2224.19825143
2096.87081243
1969.4183984
1841.83918402
1714.1305747
1586.28924377
1458.31122002
1330.19187134
1201.92632598
1073.51119936
944.945360113
816.229478921
687.377702029
558.419825133
429.03160692
3363.57351287
3236.86894409
3109.89510383
2982.79843038
2855.54694031
2728.17781677
2600.69598805
2473.10671189
2345.4130222
2217.61692094
2089.71975351
1961.72234624
1833.62504593
1705.42773619
1577.12985114
1448.72966042
1320.2273512
1191.62375513
1062.91787675
934.113626761
805.221234291
676.261155012
547.280093245
418.024411722
3362.99722877
3235.58123126
3107.83956421
2980.00783312
2852.03226572
2723.96045653
2595.79445024
2467.54046204
2339.2022059
2210.78310233
2082.28623956
1953.71452462
1825.07068254
1696.35729807
1567.57694737
1438.73065337
1309.82163565
1180.85550287
1051.83645432
922.772665622
793.683313129
664.595351302
535.579904106
406.454754119
3362.44171408
3234.27344402
3105.72792219
2977.13280162
2848.40482471
2719.60213299
2590.72124371
2461.77045346
2332.75437337
2203.67854723
2074.54825788
1945.36886049
1816.14570194
1686.88421664
1557.59029273
1428.26885406
1298.92541421
1169.56734776
1040.2051808
910.851001485
781.532778641
652.27943313
523.198902943
394.169600719
3362.0224177
3233.01923449
3103.62250915
2974.22225011
2844.70350928
2715.13218633
2585.49545189
2455.80618063
2326.06995644
2196.29539664
2066.49031169
1936.6627558
1806.82076022
1676.97246055
1547.12654325
1417.29246472
1287.4801229
1157.69723598
1027.95934772
898.279657649
768.697648936
639.229080628
510.027992063
380.984198402
3361.53964293
3231.61450911
3101.3644943
2971.16635517
2840.84753687
2710.48944404
2580.06561438
2449.60147292
2319.10481984
2188.58994189
2058.06795341
1927.55025032
1797.04783713
1666.57153412
1536.13238224
1405.74346696
1275.42155951
1145.17431778
1015.02141325
884.96662132
755.063377687
625.270521748
495.816847184
366.549116492
3361.22607749
3230.42025817
3099.38142741
2968.3415882
2837.14248301
2705.89957675
2574.59651962
2443.27326396
2311.94133857
2180.61907953
2049.3196568
1918.05647696
1786.84249456
1655.69082429
1524.61470885
1393.62973317
1262.75632415
1132.00787354
1001.41054682
870.971162394
740.755287417
610.700657723
481.016881731
351.437333495
3378.74214158
3268.94134152
3158.94795945
3048.62906177
2938.04622194
2827.18865922
2716.06075556
2604.66945452
2493.02133698
2381.12261069
2268.97857729
2156.59319969
2043.96687342
1931.09590179
1817.97741802
1704.61064158
1590.99095012
1477.10401389
1362.92616703
1248.42710124
1133.56616383
1018.28039496
902.474225274
785.862574916
3378.16723352
3267.26998436
3156.18291237
3044.76327805
2933.07522417
2821.107291
2708.8639749
2596.35229266
2483.57878819
2370.54955034
2257.26972737
2143.74327345
2029.96995638
1915.94416588
1801.66158405
1687.12125454
1572.31797086
1457.23517301
1341.84569709
1226.11594763
1110.00284948
993.436768619
876.31353059
758.474898383
3377.04239691
3263.99532631
3150.7633031
3037.18464458
2923.32845483
2809.182373
2694.75129921
2580.04241777
2465.06216435
2349.81624195
2234.30908087
2118.54341715
2002.51879297
1886.23046043
1769.67221204
1652.83775957
1535.71627811
1418.28855533
1300.52564167
1182.38775703
1063.82007111
944.732063064
825.028506657
704.751557356
3375.36614214
3259.13313538
3142.71734133
3025.93923294
2908.87402746
2791.50856565
2673.84839417
2555.90056159
2437.67099719
2319.16451037
2200.38405423
2081.33003641
1962.00132801
1842.39461019
1722.50021986
1602.30266487
1481.78214289
1360.91337563
1239.66216119
1117.97954682
995.795850392
873.022890571
749.633393101
625.740995948
3375.36656911
3259.13445269
3142.71950128
3025.94206347
2908.87729159
2791.51197819
2673.85165293
2555.9033516
2437.67300256
2319.16546831
2200.38375785
2081.32821186
1961.9976013
1842.38867342
1722.49189707
1602.29175458
1481.7682946
1360.89606501
1239.64077761
1117.95330839
995.763638238
872.983159419
749.585010811
625.682579651
3377.0427163
3263.99631446
3150.76492751
3037.1867722
2923.33091121
2809.18495559
2694.75379663
2580.04461469
2465.06385183
2349.81723753
2234.3091994
2118.54241001
2002.51638262
1886.22646773
1769.66656043
1652.83031053
1535.70674084
1418.27653799
1300.51068243
1182.36929425
1063.79736635
944.703979076
824.993583477
704.708704735
3378.16746749
3267.27065465
3156.18395993
3044.76462082
2933.07675695
2821.10889522
2708.8655286
2596.35367435
2483.57987463
2370.55021728
2257.26985136
2143.74273624
2029.96864294
1915.94195353
1801.65835301
1687.11688328
1572.31232046
1457.22806579
1341.83686574
1226.10504853
1109.98944603
993.420083312
876.292400044
758.448498728
3378.74223627
3268.9415982
3158.94833934
3048.6295364
2938.04675651
2827.18921316
2716.06128761
2604.66992554
2493.0217078
2381.12284157
2268.97863051
2156.59304061
2043.96646399
1931.09519362
1817.97636194
1704.60919785
1590.98908224
1477.10166812
1362.92325706
1248.42351523
1133.56173849
1018.27486231
902.467166507
785.853666898
3361.22756035
3230.42173941
3099.38292885
2968.34311285
2837.1440334
2705.90114853
2574.59810596
2443.27485499
2311.94292218
2180.62064137
2049.32118086
1918.05794608
1786.84389154
1655.69213337
1524.61592059
1393.63083032
1262.75729427
1132.00872848
1001.4112978
870.971834146
740.755962111
610.701437888
481.017905503
351.438780031
3361.54112558
3231.61599853
3101.3660044
2971.16786793
2840.8490282
2710.49088005
2580.06695635
2449.60267685
2319.10583774
2188.59072226
2058.06844285
1927.55039507
1797.04758608
1666.57084106
1536.13121118
1405.7417911
1275.41936567
1145.17160863
1015.0181934
884.962920962
755.05933139
625.266362983
495.812758099
366.545158042
3362.02388564
3233.02072845
3103.62403206
2974.22376701
2844.70497158
2715.133533
2585.49661394
2455.80708298
2326.0705194
2196.29553713
2066.4899457
1936.66180125
1806.81914126
1676.97011097
1547.12341179
1417.28852071
1287.47536418
1157.69167525
1027.95296369
898.272451253
768.689839491
639.221007053
510.019846999
380.97595009
3362.44315929
3234.27495002
3105.72946845
2977.13433589
2848.40627213
2719.60340583
2590.72224521
2461.77108115
2332.75452105
2203.67810697
2074.54712312
1945.3669303
1816.14288675
1686.88044351
1557.58551078
1428.26304445
1298.91859514
1169.55955354
1040.19637738
910.841177726
781.52217743
652.268399498
523.187625055
394.158072451
3362.99863626
3235.58274475
3107.84114019
2980.00939725
2852.03371465
2723.96167411
2595.79531173
2467.54083873
2339.20196772
2210.7821205
2082.28439034
1953.71169453
1825.06677555
1696.35224268
1567.57070352
1438.72322204
1309.81306377
1180.84584197
1051.82570407
922.760831609
793.6705712
664.5819933
535.566116573
406.440590804
3363.57487612
3236.87047168
3109.89673008
2982.80005454
2855.54842767
2728.17901984
2600.69675216
2473.10688127
2345.41244311
2217.61544488
2089.71724148
1961.71867489
1833.62011531
1705.42147885
1577.12223924
1448.72071625
1320.21714516
1191.6123738
1062.90535467
934.099979565
805.206588607
676.245708563
547.263972844
418.007729511
3364.21259633
3238.18347924
3111.92769397
2985.52795925
2858.96536605
2732.26684523
2605.43756253
2478.48156202
2351.40091604
2224.19636651
2096.86772151
1969.41396662
1841.83330582
1714.12318324
1586.280319
1458.30079634
1330.18003941
1201.91319947
1073.49684719
944.929808892
816.212814839
687.360043154
558.401246613
429.012261372
3364.87319361
3239.49596904
3113.92482398
2988.19156386
2862.28722327
2736.23028875
2610.02520502
2483.67480146
2357.18011186
2230.54071667
2103.75503049
1976.82036376
1849.7329378
1722.48789642
1595.0793483
1467.50055018
1339.74238136
1211.7964163
1083.65657719
955.314748747
826.76409003
698.012565325
569.074848658
439.562347082
3365.5581813
3240.81071426
3115.89105217
2990.79417855
2865.51832362
2740.07477829
2614.46662966
2488.69541091
2362.7610641
2236.66206873
2110.39556509
1983.95734
1857.34179431
1730.5419192
1603.54929327
1476.35412826
1348.94453846
1221.30898008
1093.43577643
965.31088168
836.92295426
708.272228733
579.358812111
449.737622262
3366.25267066
3242.11613897
3117.82120293
2993.33432365
2868.65990726
2743.80351092
2618.7668054
2493.5501496
2368.15248004
2242.57129452
2116.80260039
1990.84081698
1864.67869332
1738.307251
1611.7157573
1484.89176647
1357.82129082
1230.48821857
1102.87474672
974.963707273
846.738945657
718.192306212
589.312258162
459.60230704
3366.9527682
3243.40861621
3119.712085
2995.81018926
2871.71177952
2747.41772932
2622.92844341
2498.24325799
2373.36024281
2248.27610013
2122.9858772
1997.48279527
1871.75813351
1745.80113571
1619.59895907
1493.13670363
1366.39765393
1239.3614029
1112.00643848
984.312095204
856.25500923
727.819983292
598.986925338
469.212389773
3367.65349181
3244.68303623
3121.55884731
2998.21837053
2874.67194177
2750.91646587
2626.95179296
2502.77626169
2378.38717986
2253.78078104
2128.95135532
2003.89109822
1878.59001943
1753.03578911
1627.21364418
1501.10633335
1374.6941461
1247.95407112
1120.86152425
993.389469204
865.507681205
737.195572954
608.425740369
478.61351576
3368.34574844
3245.92453666
3123.35492963
3000.5533673
2877.53515679
2754.29569936
2630.83454538
2507.14799502
2383.23294614
2259.08606821
2134.70105602
2010.06918311
1885.1794346
1760.01813286
1634.5688455
1508.81223553
1382.72602313
1256.28510736
1129.46041084
1002.21821619
874.523811628
746.35070871
617.664039183
487.843356545
3369.02468191
3247.13716677
3125.09848891
3002.81137129
2880.29749341
2757.55172142
2634.5720547
2511.35322936
2387.89323639
2264.18904287
2140.23303952
2016.01604872
1891.52650972
1766.7496004
1641.66752977
1516.2591608
1390.49995513
1264.36205533
1137.81212402
1010.81226945
883.323122675
755.310623716
626.731498771
496.932792587
3369.69102699
3248.31558209
3126.78248067
3004.98639399
2882.9546099
2760.67934999
2638.15748399
2515.38530757
2392.36180923
2269.08289197
2145.5407672
2021.72617967
1897.6263911
1773.22602103
1648.50646847
1523.44503323
1398.01517344
1272.18605687
1145.92161801
1019.18049859
891.916874651
764.089747041
635.645948118
505.902721765
3370.33492487
3249.44793687
3128.396786
3007.06874458
2885.49568489
2763.66748642
2641.5819193
2519.23710966
2396.63087112
2273.75868838
2150.61455524
2027.18887896
1903.46840213
1779.4374813
1655.07609761
1530.36074892
1405.2635875
1279.7512452
1153.7852523
1027.31997793
900.303716539
772.689350732
644.412561589
514.764752874
3370.95426485
3250.53012896
3129.93513417
3009.04941496
2887.90947107
2766.50470164
2644.83416507
2522.89603712
2400.68727332
2278.20423858
2155.44148709
2032.38980042
1909.03724703
1785.36740508
1661.35954829
1536.98987415
1412.22877886
1287.04129503
1161.3865387
1035.21536696
908.471506608
781.100582899
653.028100524
523.521087934
3371.54390403
3251.5551385
3131.3889462
3010.91821508
2890.18461123
2769.17894861
2647.90098233
2526.34726647
2404.51491883
2282.40164776
2160.00281958
2037.31070654
1914.31330923
1790.99407126
1667.33378852
1543.30780383
1418.88526837
1294.03022726
1168.69910938
1042.84067177
916.394679259
789.300357646
661.473357687
532.152213745
3372.09971819
3252.51649203
3132.74980468
3012.66600426
2892.31193144
2771.67949507
2650.768606
2529.57466477
2408.09507699
2286.32928441
2164.27570219
2041.92757528
1919.27124155
1796.29145106
1672.9704233
1549.28311444
1425.19926848
1300.68169054
1175.6848784
1050.15605921
924.031972679
797.248115787
669.707754455
540.615437136
3372.61719057
3253.40793898
3134.01009346
3014.28487179
2894.28337682
2773.99536366
2653.42119895
2532.55891255
2411.40719426
2289.96671257
2168.23797635
2046.21389355
1923.88090344
1801.22682789
1678.2348103
1554.8791634
1431.12984693
1306.94995776
1182.29452418
1057.1093484
931.328107263
804.88480777
677.67101316
548.849732895
3373.09234859
3254.22358259
3135.16167805
3015.76327849
2896.08304631
2776.1083658
2655.84083523
2535.28204791
2414.43277333
2293.2942022
2171.86618957
2050.14198297
1928.11155101
1805.76579482
1683.08769327
1560.05129794
1436.6283026
1312.78321483
1188.47100862
1063.63651058
938.211007754
812.130321683
685.278917738
556.765489517
3373.52007029
3254.95632015
3136.19511668
3017.08860569
2897.69506466
2778.00132188
2658.01032688
2537.72570216
2417.15002326
2296.28502627
2175.13011516
2053.68068095
1931.93028027
1809.87056893
1687.48485978
1564.74985005
1441.63952048
1318.11882098
1194.14317558
1069.65643336
944.587929903
818.878463702
692.412515495
564.242510423
3373.89859082
3255.60254398
3137.10460121
3018.2539589
2899.11221508
2779.6659665
2659.91926938
2539.877151
2419.54347741
2298.92086583
2178.00968499
2056.80721189
1935.30904778
1813.50880101
1691.39214412
1568.93720824
1446.11774073
1322.90033508
1199.24301932
1075.08839128
950.363200284
825.006446598
698.903761569
571.079221985
3374.19309861
3256.07973203
3137.7644443
3019.09164496
2900.1269097
2780.85592223
2661.28356718
2541.41589869
2421.25788218
2300.81329925
2180.08383028
2059.06815973
1937.76401587
1816.16826975
1694.26943484
1572.0472442
1449.47777545
1326.53278016
1203.17512115
1079.35049236
954.984404386
829.994923035
704.245797891
577.099325002
)
;

boundaryField
{
    frontAndBack
    {
        type            empty;
    }
    top
    {
        type            calculated;
        value           nonuniform List<scalar> 
56
(
-3.67875
-3.67875
-3.67875
-3.67875
-3.67875
-3.67875
-3.67875
-3.67875
-3.67875
-3.67875010052
-3.67875059618
-3.67875141666
-3.6787524239
-3.67875350911
-3.67875459083
-3.67875560873
-3.67875652004
-3.67875729469
-3.67875790939
-3.67875834022
-3.67875855284
-3.67875846329
-3.67875765506
-3.67875265297
-3.67875
-3.67875
-3.67875
-3.67875
-3.67875
-3.67875
-3.67875
-3.67875
-3.67875269305
-3.67875754855
-3.67875832149
-3.67875841368
-3.67875821926
-3.67875781389
-3.67875722708
-3.67875647944
-3.67875559198
-3.6787545932
-3.67875352484
-3.67875244669
-3.67875144012
-3.67875061438
-3.67875010883
-3.67875
-3.67875
-3.67875
-3.67875
-3.67875
-3.67875
-3.67875
-3.67875
-3.67875
)
;
    }
    inlet
    {
        type            calculated;
        value           nonuniform List<scalar> 
56
(
-3.61315465098
-3.48205841518
-3.35071028515
-3.2195116127
-3.08830458671
-2.95713812215
-2.82600058841
-2.6949030605
-2.56384920317
-2.43284675989
-2.30190199666
-2.17102259055
-2.04021606083
-1.909490573
-1.77885457842
-1.64831698733
-1.5178883775
-1.38757928832
-1.25740260309
-1.12737309156
-0.997536386367
-0.867982111147
-0.738765925686
-0.609585244355
-0.481264396991
-0.352235352586
-0.220947496724
0.0632504579641
215.862166163
98.0950283202
25.8629658282
3.11976813204
3360.98603964
3229.70382925
3098.19733159
2966.69990928
2835.05343709
2703.37355731
2571.64415918
2439.90552097
2308.16959938
2176.45527436
2044.77638759
1913.14716056
1781.58152436
1650.09378262
1518.69895772
1387.41272358
1256.25511217
1125.24269405
994.404170373
863.746838852
733.337772225
603.116720479
473.29439976
343.628529683
)
;
    }
    outlet
    {
        type            calculated;
        value           nonuniform List<scalar> 
56
(
-3.61315393884
-3.48206000431
-3.35071283194
-3.21951582653
-3.08830985504
-2.95714415917
-2.82600751271
-2.69491074862
-2.56385774047
-2.43285613139
-2.30191223526
-2.17103370297
-2.04022806379
-1.90950349294
-1.77886840626
-1.6483317629
-1.51790403821
-1.38759583973
-1.25742002276
-1.1273913469
-0.997555421565
-0.868001792664
-0.738785962247
-0.609605503478
0.063182126047
-0.220971566411
-0.352256146033
-0.481284726833
3.11949148429
25.864287748
98.0993243481
215.86702385
3360.98752071
3229.70530928
3098.19883576
2966.70144835
2835.05502539
2703.3752048
2571.64587515
2439.90731314
2308.17147434
2176.45723732
2044.77844247
1913.14931007
1781.58377038
1650.09612673
1518.70140468
1387.41526762
1256.25775081
1125.24543915
994.407038217
863.749850269
733.340963579
603.120141966
473.298141799
343.632749128
)
;
    }
    floatingObject
    {
        type            calculated;
        value           nonuniform List<scalar> 
32
(
0.129729305453
0.993504717499
6.72538567325
28.3635703161
0.0197138701466
-0.0245600926531
-0.0523926944389
-0.0661129275746
-0.0661256716121
-0.0524293554201
-0.0246158082325
0.0196442774206
0.129624004888
0.992101686523
6.70897317507
28.305972488
243.92675684
186.719616691
126.124453817
69.7069183945
293.189440037
331.824252625
358.408680506
371.943573079
371.929889928
358.368085193
331.758225557
293.100400745
243.817829182
186.597681073
126.001773043
69.6064880991
)
;
    }
    bottom
    {
        type            calculated;
        value           nonuniform List<scalar> 
56
(
3432.94927291
3432.75831208
3432.53018338
3432.27276137
3431.98737975
3431.67787313
3431.34711663
3430.99853448
3430.63494196
3430.26037265
3429.87620165
3429.49055826
3429.1013195
3428.71428399
3428.33881763
3427.97909838
3427.63881111
3427.33288375
3427.05996564
3426.85891771
3426.68930517
3426.6669566
3426.59260178
3426.69898289
3433.3779129
3433.33268284
3433.24726878
3433.1117253
3433.11169871
3433.24725092
3433.33267688
3433.37790995
3426.70046798
3426.59407901
3426.6684053
3426.6907125
3426.86026398
3427.06123742
3427.3340682
3427.63989875
3427.98008135
3428.33969091
3428.71503916
3429.10195981
3429.4910916
3429.87663395
3430.26070861
3430.63518953
3430.99870309
3431.34721648
3431.6779158
3431.9873781
3432.27272896
3432.53013316
3432.75825826
3432.94922131
)
;
    }
}


// ************************************************************************* //
