/*--------------------------------*- C++ -*----------------------------------*\
| =========                 |                                                 |
| \\      /  F ield         | foam-extend: Open Source CFD                    |
|  \\    /   O peration     | Version:     3.2                                |
|   \\  /    A nd           | Web:         http://www.foam-extend.org         |
|    \\/     M anipulation  | For copyright notice see file Copyright         |
\*---------------------------------------------------------------------------*/
FoamFile
{
    version     2.0;
    format      ascii;
    class       volScalarField;
    location    "1";
    object      pd;
}
// * * * * * * * * * * * * * * * * * * * * * * * * * * * * * * * * * * * * * //

dimensions      [1 -1 -2 0 0 0 0];

internalField   nonuniform List<scalar> 
3200
(
4.71561255759e-06
0.000425442370113
0.000822874575273
0.00120816206966
0.00161189028277
0.00203657249812
0.00248801640424
0.00297322675652
0.00349937948296
0.00407422576187
0.00470623173458
0.00540465712814
0.00617977351715
0.00704314285724
0.00800811220026
0.00909066742008
0.0103123297095
0.0116975856607
0.0132730768983
0.0150580949343
0.0170468700835
0.0192045802391
0.0217761254254
0.0241830614682
3.39254997586e-05
0.000416304195202
0.000782762795931
0.00114235588728
0.00151938699362
0.00191677794622
0.00233977865102
0.0027945457603
0.00328733041423
0.00382472566266
0.00441364812403
0.00506122454855
0.00577461097946
0.00656072845881
0.0074256642929
0.0083741266192
0.0094125684422
0.0105393175187
0.0117452719396
0.0130109258914
0.0142987703054
0.0156182496987
0.0170279533616
0.0172151457007
6.59576715501e-05
0.000402133632544
0.000729035858447
0.00105399696361
0.0013942963042
0.00175320227501
0.00213534152792
0.00254594730847
0.00299038317854
0.00347429598374
0.00400357188751
0.00458419776922
0.00522203745351
0.00592255553955
0.00669018333225
0.00752680029019
0.00843705782152
0.00941772727175
0.0104534932943
0.0115237414056
0.0125777588658
0.0136263405313
0.0145546625427
0.0133667842497
0.000100902911588
0.000385349175511
0.000667087595446
0.000952353467675
0.00125065098258
0.00156564067065
0.00190133566633
0.00226203105632
0.00265223084459
0.00307671753024
0.00354050398974
0.00404870931987
0.00460633266152
0.00521794564403
0.00588725990973
0.00661600365085
0.0074040366758
0.00825019051719
0.00914013963596
0.0100511881983
0.0109307115301
0.0117919866809
0.0125036246848
0.0112020489353
0.000138779219167
0.000367186178306
0.00059925461646
0.000840979021747
0.00109342428163
0.00136071057358
0.00164625751476
0.00195341152543
0.00228584164193
0.00264750838245
0.00304260799122
0.00347547023252
0.00395036048299
0.00447115207625
0.0050408246401
0.0056608113918
0.00633192499682
0.00705193095665
0.00781162577545
0.00859483401696
0.00936370327877
0.0101426831478
0.0108463233319
0.0100355507276
0.000180141582152
0.000348292490391
0.00052645532631
0.000721051031217
0.00092401759209
0.00114003321451
0.00137195815081
0.001622188544
0.00189356937048
0.00218930812261
0.00251291004558
0.00286808228539
0.00325855396015
0.00368786134442
0.004159108665
0.0046747566551
0.00523662468757
0.00584485440273
0.00649760657796
0.00718979523222
0.0079051283227
0.00868513829081
0.009496457918
0.00930202677397
0.000227170311155
0.000328692952977
0.000448962821975
0.000593650707118
0.000744274326847
0.000906255384177
0.00108190786376
0.00127267960989
0.00148062950781
0.00170826404696
0.00195848711296
0.00223452226201
0.00253979234962
0.00287781400335
0.00325211837515
0.00366616753765
0.00412348728865
0.00462793680476
0.00518469666389
0.0057998760267
0.00647747956854
0.00727543991801
0.00820041486407
0.0085011154371
0.000295839990973
0.00031267784869
0.000366593722171
0.000458709279177
0.000555192550469
0.000661560892774
0.000779437499038
0.000909286489366
0.00105243980727
0.00121077464209
0.00138664839536
0.00158287349064
0.00180265939805
0.00204954756928
0.00232740638082
0.00264057887269
0.0029943152219
0.00339564856788
0.00385519602116
0.00438773888486
0.00501237410224
0.00579830420659
0.00677680590567
0.00738285078637
0.000410288540326
0.000304222489935
0.000276887476742
0.000313577475052
0.000356059898972
0.000407131802431
0.000467264644848
0.000536024962784
0.000614120539062
0.000702901082205
0.00080426617914
0.000920648326127
0.0010549785918
0.00121068109281
0.0013917350603
0.00160295083968
0.00185060900978
0.00214360922613
0.00249565080362
0.00292653324092
0.00346409289975
0.00418209285713
0.00512458094786
0.00584978224767
0.000356805713692
0.000208701576644
0.000155232503664
0.000149362652181
0.000144288694603
0.000143658588892
0.000147981787391
0.000156845805137
0.00017075254045
0.000190713758597
0.000218233026535
0.000255345938182
0.000304595922056
0.0003690397761
0.0004523673585
0.000559211153736
0.000695814983528
0.000871293265881
0.00109985264044
0.00140247831384
0.00180995088598
0.00239450293237
0.00320432338628
0.00388763847333
0.000114910925963
5.64117743474e-05
1.11087904151e-05
-2.92067364072e-05
-7.64824267667e-05
-0.00012535674651
-0.000174489014306
-0.00022362671019
-0.000272241720298
-0.000319558653629
-0.000364449251655
-0.00040536051261
-0.000440314121192
-0.000466917300434
-0.000482273433728
-0.000482706268209
-0.000463165414672
-0.000416061938662
-0.000329191421533
-0.000183895869576
4.86221723155e-05
0.000433785225269
0.00101781304694
0.00152723214855
1.29314633987e-05
-5.10815427253e-05
-0.000125173973675
-0.000206711777348
-0.000297413913939
-0.000393881554707
-0.000494903099501
-0.000600077051998
-0.000709071007612
-0.000821469175761
-0.000936615506115
-0.00105356908955
-0.00117113634794
-0.00128792313974
-0.00140233502891
-0.00151241971238
-0.00161544941309
-0.00170697301131
-0.0017790309031
-0.0018183133308
-0.00180214495251
-0.00167648228094
-0.00140058869714
-0.0011744265966
-3.54697160013e-05
-0.000137919185936
-0.000253067802131
-0.000378102595728
-0.000513220485724
-0.000656756525485
-0.000808053320525
-0.000967036676301
-0.00113381278746
-0.00130848426273
-0.00149101382203
-0.00168122550707
-0.00187891233682
-0.00208398659672
-0.00229660802074
-0.00251722906919
-0.0027464132397
-0.00298422486771
-0.0032288766007
-0.0034750057262
-0.00370958198184
-0.00389346028304
-0.00399184537319
-0.00414593458378
-6.89344440039e-05
-0.00021517028813
-0.000372872712744
-0.000541275380551
-0.000720435422922
-0.000909725461478
-0.00110915752601
-0.00131923377432
-0.00154066718225
-0.00177420190689
-0.00202052814871
-0.00228035464663
-0.00255461424464
-0.00284474549001
-0.00315300075845
-0.00348271572521
-0.00383845831421
-0.0042258939307
-0.00465101942173
-0.00511876335796
-0.0056287542837
-0.00615922728378
-0.00668369551753
-0.00730196483531
-9.53896666886e-05
-0.000284627051458
-0.000484251882318
-0.000694785086198
-0.000916388979354
-0.00114919194503
-0.00139392877615
-0.00165179408911
-0.00192420164237
-0.00221260466125
-0.00251846818404
-0.00284342928367
-0.00318961946842
-0.00356009172486
-0.00395931728425
-0.00439371897314
-0.00487227034461
-0.00540693487872
-0.00601265994968
-0.00670645078256
-0.00750274585909
-0.00840126082982
-0.00939205409462
-0.0105370478584
-0.000117982258837
-0.0003478594655
-0.000587436732112
-0.000837721095509
-0.001099016173
-0.00137213505897
-0.0016585910939
-0.0019603482456
-0.00227954475049
-0.00261833631221
-0.00297892796326
-0.00336383728116
-0.003776325319
-0.00422096022625
-0.00470429126348
-0.00523574355726
-0.00582868643569
-0.0065015754829
-0.00727888119424
-0.00819094383191
-0.00926914387165
-0.0105397774246
-0.0120165793917
-0.0137318590393
-0.000138290949675
-0.000406022124413
-0.000682659909448
-0.000969322050872
-0.00126652309999
-0.00157589045986
-0.00189982534432
-0.00224110261768
-0.00260255278748
-0.00298695322997
-0.00339713990694
-0.00383635948517
-0.00430879401159
-0.0048202092273
-0.00537886334424
-0.00599671187598
-0.00669101900543
-0.00748626469058
-0.00841620767415
-0.00952489537461
-0.010862553519
-0.0124863043058
-0.0144396181472
-0.0167336517179
-0.000157329018867
-0.000460057708299
-0.000770060454184
-0.001088774794
-0.0014171427047
-0.00175797350513
-0.00211468315419
-0.00249085256726
-0.00288990593137
-0.00331510796578
-0.00376974858149
-0.00425758003757
-0.00478335496797
-0.00535358482915
-0.00597758146368
-0.00666897764303
-0.00744785519901
-0.00834346903259
-0.00939755628952
-0.0106669791538
-0.0122215264576
-0.0141506536398
-0.0165355434234
-0.0193688796871
-0.00017659010769
-0.000511452642217
-0.000849816441417
-0.00119505322661
-0.00154889009518
-0.00191588481048
-0.00230046069929
-0.00270691543614
-0.00313909213503
-0.0036005842689
-0.00409493884797
-0.00462614561282
-0.00519914737289
-0.00582062074424
-0.00650007999738
-0.00725163192576
-0.00809654581008
-0.0090667393007
-0.0102093437697
-0.0115913005379
-0.0133005204799
-0.015454935112
-0.0181806787212
-0.0214499420517
-0.000198810344101
-0.000562523621083
-0.000921964262269
-0.00128665599655
-0.00165928405771
-0.00204687590669
-0.00245447279164
-0.00288687435934
-0.0033481041555
-0.00384195148033
-0.00437205198927
-0.00494241380112
-0.00555781204205
-0.00622448307496
-0.00695121040613
-0.00775112654984
-0.00864461636607
-0.00966333083893
-0.0108558897962
-0.0122943954071
-0.0140789837368
-0.0163491760296
-0.0192713124847
-0.0227866270958
-0.000232570808256
-0.000614392968706
-0.000983328208218
-0.00135996314867
-0.00174436615483
-0.00214734192806
-0.00257354451927
-0.00302808239918
-0.00351489772784
-0.00403797124657
-0.00460094794315
-0.00520778455434
-0.00586283840907
-0.00657146480516
-0.00734087265878
-0.00818178247347
-0.0091113696116
-0.0101573779683
-0.0113646226022
-0.012804124002
-0.0145798521481
-0.0168413284712
-0.0197791415155
-0.0232808621584
-0.000330984415789
-0.000674014283957
-0.00102421125592
-0.00140625544466
-0.00179633718901
-0.00221130714556
-0.00265309511161
-0.0031274280981
-0.00363798018284
-0.0041893123533
-0.00478530917843
-0.005430276749
-0.00612854112472
-0.00688499329203
-0.00770567106358
-0.00859914171538
-0.00957911875905
-0.0106672658085
-0.01190094895
-0.0133435924022
-0.0150875169967
-0.0172519862488
-0.0199817756159
-0.0230736691861
-0.000568057334193
-0.000785135527508
-0.00105844094752
-0.0014324716003
-0.00181556755152
-0.00223737857246
-0.00268950743026
-0.00317944581979
-0.00370949460444
-0.00428525767139
-0.00491061016669
-0.00559034779704
-0.00632866190048
-0.00712978374223
-0.00799769340951
-0.00893614543483
-0.00994946953371
-0.0110481954198
-0.0122477899123
-0.0135762476064
-0.0151378174513
-0.017193758141
-0.0199786902471
-0.0230932641441
-0.000206654855117
-0.000714426790823
-0.000970304494558
-0.0013756397889
-0.00177262153462
-0.00221016471514
-0.00267663871462
-0.00318311854032
-0.00373326895446
-0.00433483340828
-0.00499407792217
-0.00571867954211
-0.00651615756973
-0.00739467747993
-0.00836269063741
-0.00942910728286
-0.0106045051923
-0.0118994237513
-0.0133267462608
-0.0149012424804
-0.0166685450213
-0.0187182771823
-0.0211060653389
-0.0235279836807
-6.32526757419e-05
0.000398995979901
0.000843545211932
0.00126120486926
0.00169673538659
0.00215260793709
0.00263369177736
0.00314702022871
0.00369969443396
0.00429927455588
0.00495398765045
0.00567282717061
0.00646565624738
0.00734332991181
0.00831772282498
0.00940177604133
0.0106093157001
0.0119544872295
0.0134492748215
0.0150979474996
0.0168963971589
0.0188287880499
0.0207974486798
0.0226606376955
-5.58836911378e-05
0.000404506464973
0.000845388006432
0.00126117443958
0.00169510082566
0.00214952592628
0.00262948805417
0.00314206845666
0.00369441743068
0.00429415085265
0.00494953688022
0.00566956755729
0.00646405094592
0.00734367745138
0.00832004197717
0.00940556662781
0.0106134372501
0.011956784784
0.0134478312216
0.015097986807
0.0169113286768
0.0188437976676
0.0207461342332
0.0224598856125
-4.13336774221e-05
0.000414910610208
0.000848761888132
0.00126116176401
0.00169233179278
0.00214447757033
0.0026229637551
0.00313496632657
0.0036877320154
0.00428901410863
0.00494723741776
0.00567161394059
0.00647227376391
0.00736049147231
0.00834881114803
0.00945117640295
0.0106828412433
0.0120593848186
0.0135953706395
0.0152969845595
0.0171387094696
0.0190158323418
0.0207373841234
0.0222412787443
-1.96591095939e-05
0.00043063165112
0.000857492174121
0.00126954108013
0.00170279024109
0.00215945966692
0.00264546437939
0.00316813579108
0.00373471497212
0.00435266499196
0.00502956967632
0.00577287036071
0.00658941829683
0.00748480749201
0.00846228738166
0.00952145990459
0.010657806082
0.0118611338006
0.0131153907399
0.0144019405351
0.0157103657139
0.0170383012054
0.0185991563555
0.0210788957137
-1.91743452833e-05
0.000430757149772
0.000857245787199
0.00126881401274
0.00170143498815
0.00215740533361
0.00264270091164
0.00316470201913
0.00373067700641
0.00434807493744
0.00502443916291
0.00576715481145
0.00658308849062
0.00747787342833
0.00845488120675
0.0095138098889
0.0106501773181
0.0118537344608
0.0131082464014
0.014394675628
0.0157023820511
0.0170289039052
0.0185878496159
0.0210661221576
-4.10240323347e-05
0.000414876865305
0.000848325160317
0.00126021939333
0.00169075729979
0.00214221705239
0.0026200189376
0.00313138482062
0.00368358387931
0.00428435346344
0.00494208556438
0.00566597051746
0.0064661590494
0.00735399186815
0.0083420900968
0.00944441429082
0.0106761862569
0.0120528154005
0.0135886148269
0.0152895573305
0.0171300538755
0.0190059137401
0.0207276764399
0.0222343034631
-5.57189396251e-05
0.000404421608146
0.000844992246029
0.00126039797542
0.00169385465851
0.00214777141862
0.00262722637586
0.00313933658011
0.00369125951195
0.00429060245513
0.00494561408116
0.00566528920515
0.0064594600933
0.00733886658998
0.00831511319127
0.00940063008607
0.0106084889515
0.0119517273418
0.0134423953996
0.0150919302043
0.0169045325713
0.0188368313155
0.0207402098336
0.022457191031
-6.32008256464e-05
0.000398960200197
0.000843391013068
0.00126091259074
0.00169627124192
0.00215195976048
0.00263285843792
0.00314601408019
0.00369853040984
0.00429796258613
0.00495253461735
0.00567123841267
0.00646396109341
0.00734155087906
0.00831591930508
0.00939993022418
0.0106074663565
0.0119525012631
0.01344714173
0.0150954913961
0.0168939058526
0.0188262223748
0.0207956814048
0.0226602253564
-0.000205942713163
-0.000716015925093
-0.000972851287096
-0.00137985361616
-0.00177788986145
-0.0022162017329
-0.00268356301547
-0.00319080666822
-0.00374180625959
-0.00434420491314
-0.00500431652352
-0.00572979197841
-0.00652816053296
-0.00740759742644
-0.00837651847939
-0.0094438828635
-0.0106201659097
-0.0119159751704
-0.0133441659395
-0.0149194978167
-0.0166875802202
-0.0187379587006
-0.0211261019117
-0.0235482428543
-0.00056632643059
-0.000779935776377
-0.00105614047136
-0.00143303627179
-0.00181841100281
-0.00224173206742
-0.00269522949044
-0.00318625840058
-0.00371734700273
-0.00429407542852
-0.00492037257127
-0.00560103647878
-0.00634027146479
-0.00714231955834
-0.0080111539364
-0.00895048151226
-0.00996485185247
-0.0110646600811
-0.0122652536062
-0.0135947280966
-0.0151573713682
-0.0172143030438
-0.0199996854417
-0.0231143655974
-0.00032855885023
-0.000671784438678
-0.00102406397946
-0.00140779416794
-0.00179937404964
-0.00221559777042
-0.0026585423233
-0.00313387843621
-0.00364538732102
-0.00419763571845
-0.00479453768875
-0.00544040751661
-0.00613958447439
-0.0068969764919
-0.00771863202612
-0.00861311183887
-0.00959412434664
-0.010683253306
-0.0119179549118
-0.0133615970887
-0.0151064288628
-0.0172716486348
-0.0200019134949
-0.0230941409611
-0.000231776805164
-0.000613738463374
-0.000983831527393
-0.00136172923605
-0.00174737002203
-0.00215145359081
-0.00257867473364
-0.00303413215533
-0.0035218330163
-0.00404577002469
-0.00460961051461
-0.00521730785753
-0.0058732309662
-0.00658274550299
-0.00735307957589
-0.00819495749244
-0.00912557199725
-0.0101726252554
-0.0113809323402
-0.0128214601352
-0.0145981291174
-0.0168603940115
-0.0197987516118
-0.0233008681476
-0.000198681652799
-0.000562728697831
-0.000923087707235
-0.00128880719401
-0.0016624256732
-0.00205093032523
-0.00245936869073
-0.00289255831113
-0.00335455422455
-0.00384917184098
-0.0043800484405
-0.0049511953743
-0.00556737991542
-0.00623485726741
-0.00696242636568
-0.00776324374899
-0.00865770194613
-0.00967743953737
-0.0108710465793
-0.0123105789727
-0.0140960986018
-0.0163670758423
-0.0192897819007
-0.0228055084421
-0.000176711384724
-0.000512116409533
-0.000851316485884
-0.00119740801881
-0.00155205713811
-0.00191980444297
-0.00230508324307
-0.00271219724944
-0.003145022838
-0.00360716842948
-0.00410219098575
-0.00463407014942
-0.00520774174189
-0.00582988619991
-0.00651004702838
-0.00726236093912
-0.00810812775436
-0.00907926181285
-0.010222872481
-0.0116058427877
-0.0133159939984
-0.0154712064157
-0.0181975427449
-0.021467190889
-0.000157560534065
-0.000460916464286
-0.000771687393773
-0.00109114503108
-0.00142020062805
-0.00176167628814
-0.00211898195229
-0.00249570888813
-0.00289529885523
-0.00332103454219
-0.00377621547918
-0.00426457961206
-0.00479087109315
-0.00536159704754
-0.005986095029
-0.00667804500618
-0.00745757838939
-0.00835397605307
-0.00940896441245
-0.0106793481258
-0.0122348228554
-0.0141647583315
-0.0165502783403
-0.0193839923259
-0.000138558284144
-0.000406918352743
-0.000684261273539
-0.000971580658932
-0.0012693841289
-0.00157931607443
-0.00190377077946
-0.00224552479452
-0.0026074155572
-0.00299223705091
-0.00340282390085
-0.00384242175275
-0.00431518942527
-0.00482689010142
-0.00538579955872
-0.00600393059456
-0.00669861672554
-0.00749439667132
-0.00842503985516
-0.00953456483231
-0.0108730944149
-0.0124976549145
-0.0144516518006
-0.0167461394443
-0.000118246326761
-0.000348706965237
-0.000588927316287
-0.000839799386244
-0.00110163255215
-0.00137525526158
-0.00166217536198
-0.00196434577522
-0.00228390708451
-0.00262301384317
-0.00298387467345
-0.00336899316082
-0.00378161648398
-0.00422629914019
-0.00470961166822
-0.00524102848696
-0.005834008348
-0.00650708517866
-0.00728478643933
-0.00819744653899
-0.00927637985943
-0.0105477774003
-0.0120253121408
-0.0137411623584
-9.56261943037e-05
-0.000285385403795
-0.000485592220416
-0.000696657081498
-0.000918746453657
-0.00115200864471
-0.00139716411357
-0.00165539621115
-0.00192810452369
-0.0022167344445
-0.0025227410111
-0.00284774680196
-0.00319386547273
-0.00356414128917
-0.0039630543414
-0.00439708387587
-0.00487528419513
-0.00540972391148
-0.00601543338078
-0.00670946602564
-0.00750624055406
-0.00840539234471
-0.00939692690567
-0.0105425838631
-6.91247404934e-05
-0.000215818246002
-0.000374051426337
-0.000542938010404
-0.000722544501112
-0.000912257688991
-0.00111207597495
-0.00132248225337
-0.00154416708829
-0.00177785419344
-0.00202421183842
-0.00228392810253
-0.00255791626113
-0.00284760380901
-0.0031552580276
-0.00348425691695
-0.00383925005248
-0.00422600866577
-0.00465064530349
-0.00511818161061
-0.00562828888484
-0.00615917597022
-0.00668432543297
-0.00730332079528
-3.55834792456e-05
-0.000138440917918
-0.000254080899208
-0.000379563536822
-0.000515099596392
-0.000659035242847
-0.000810696653877
-0.000969986194643
-0.00113697939492
-0.00131174522402
-0.00149421388572
-0.00168417937164
-0.00188141054507
-0.00208581053044
-0.00229755156675
-0.00251712691189
-0.00274517394544
-0.00298186407737
-0.00322553677262
-0.00347096659836
-0.00370521828982
-0.0038891993306
-0.00398813985002
-0.00414299387356
1.29603142541e-05
-5.14550346103e-05
-0.000126015380245
-0.000207976359106
-0.00029908349086
-0.000395941556291
-0.000497320169745
-0.000602791313718
-0.00071198427109
-0.000824440200581
-0.000939459259108
-0.00105605937701
-0.00117301823334
-0.0012889293522
-0.00140221097171
-0.00151095093124
-0.00161249346957
-0.00170248527853
-0.00177310972982
-0.00181120403667
-0.0017942429505
-0.00166831183318
-0.0013927312733
-0.00116726800002
0.000115336647461
5.62781671318e-05
1.04640006352e-05
-3.0270520368e-05
-7.79608224157e-05
-0.000127236069596
-0.000176735193759
-0.000226176965001
-0.000274991382868
-0.000322353022535
-0.000367080181424
-0.000407572377123
-0.000441812372013
-0.000467389956872
-0.000481419046663
-0.000480264501408
-0.000458940490588
-0.000409969180047
-0.000321267014264
-0.000174347981759
5.94046292201e-05
0.000445252931265
0.00102925578743
0.00153809003704
0.000358231519507
0.000208978938635
0.000154838546037
0.000148504015236
0.000142976904936
0.00014191295659
0.000145842706994
0.000154380200351
0.000168069976689
0.000187976630014
0.00021565947708
0.000253211269673
0.000303218471054
0.000368762380256
0.000453531668695
0.000562124700707
0.000700709403461
0.000878314373707
0.00110900247532
0.00141360722827
0.00182272968237
0.00240838257263
0.00321857456154
0.00390150321097
0.000412065583824
0.000304784626562
0.000276648137268
0.000312876605893
0.00035485749914
0.000405455855842
0.000465158604268
0.000533560347302
0.000611408714842
0.000700102309434
0.000801599466543
0.000918387758477
0.0010534485488
0.00121023965735
0.00139274679831
0.00160575160804
0.00185548389022
0.00215073400026
0.00250509593574
0.00293821540079
0.00347774025394
0.0041972774261
0.00514062633705
0.00586583157573
0.000297178057475
0.000313113068037
0.000366430029287
0.000458079569832
0.000554028475519
0.000659883065503
0.000777291944984
0.000906746102468
0.00104961177534
0.00120781165892
0.00138375278057
0.00158030539785
0.00180072810989
0.00204859900545
0.00232780648879
0.00264268862647
0.0029984357434
0.00340201585853
0.00386392622386
0.00439882092141
0.00502567274267
0.005813504787
0.00679343679917
0.00740010316957
0.000228335656408
0.000329095322539
0.00044881834542
0.000593025993027
0.000743085184715
0.000904518617473
0.00107966851712
0.00127000866236
0.00147762594625
0.0017050604713
0.0019552640315
0.00223150652516
0.00253725797563
0.00287607767528
0.00325152693692
0.00366706652602
0.00412621270354
0.0046327381081
0.00519174581895
0.00580925107104
0.00648913437451
0.00728930305747
0.00821623289818
0.00851824480048
0.000181210882018
0.000348644993086
0.000526280879616
0.000720384738852
0.000922769146615
0.00113821162019
0.00136960490428
0.00161936641771
0.00189036202121
0.0021858298281
0.00250930615433
0.00286454005379
0.00325530061879
0.00368515903102
0.00415725926278
0.00467409869836
0.00523747856066
0.00584749080248
0.00650222657313
0.00719650774433
0.00791403378106
0.00869630704846
0.00950997359751
0.0093174889493
0.000139769440085
0.000367487373809
0.000599041688227
0.000840270597641
0.00109212438014
0.00135881967065
0.00164380548082
0.00195045065484
0.00228244349691
0.0026437618614
0.00303862949618
0.00347139995346
0.00394636326253
0.00446743426716
0.00503763702376
0.00565843895087
0.00633070997188
0.00705211360385
0.00781340030688
0.00859833998394
0.00936903026484
0.0101500969745
0.0108561235745
0.0100476285533
0.000101820067122
0.000385621873788
0.000666869193891
0.000951642182328
0.00124934206586
0.00156372019285
0.00189882240353
0.00225896828206
0.00264867918264
0.00307275494565
0.00353621283319
0.00404417860331
0.00460167357912
0.00521329495299
0.00588281120733
0.0066120207415
0.00740082704956
0.00824797850081
0.00913909558624
0.0100513834709
0.0109322240045
0.0117950409068
0.0125085863939
0.0112091618165
6.67971849476e-05
0.0004024007689
0.000728852752557
0.00105333087803
0.00139302582146
0.00175129710963
0.00213280950002
0.0025428277786
0.00298673889623
0.00347019102569
0.00399906303787
0.00457932969547
0.00521685251391
0.00591713607588
0.00668468700789
0.00752144226207
0.00843213077088
0.00941344894565
0.0104499623067
0.0115209870666
0.012575725896
0.0136250730287
0.0145543378929
0.013368151589
3.46738197924e-05
0.000416569588766
0.000782628754777
0.00114175684017
0.00151818701515
0.00191492984905
0.00233728579625
0.0027914530333
0.00328370459712
0.00382063377708
0.00440912775086
0.00505627158292
0.0057692206072
0.0065549334422
0.00741957223106
0.0083679518319
0.00940653019078
0.0105336329594
0.0117400103168
0.0130060099882
0.0142940168115
0.0156134672249
0.0170227877711
0.0172111544952
5.35347645112e-06
0.000425691524108
0.000822779570984
0.0012076299716
0.00161077960685
0.00203483434022
0.00248565727246
0.00297030342456
0.00349597520839
0.00407041800169
0.00470205176515
0.00540009650673
0.00617478153698
0.00703772280457
0.00800232731048
0.00908467844124
0.0103063562995
0.0116917961669
0.0132674584902
0.0150525394775
0.017040889786
0.0191974786311
0.0217665487154
0.024172409455
-0.0260100016141
-0.026458050656
-0.0120476696437
0.290447347318
-0.0264968530566
-0.0299711242053
-0.0342621807279
0.0513634888292
-0.0272091284954
-0.0322138832099
-0.0344830111357
0.0112868620183
-0.0285023073238
-0.0344857557681
-0.0357774849181
-0.0081373083002
-0.0281212756891
-0.0334126304648
-0.0344637208804
0.00509372859771
-0.0262680342768
-0.0302028050531
-0.0323085550411
0.0296782782037
-0.0233641814385
-0.0258301678767
-0.0297170022464
0.0494781673509
-0.0198306862524
-0.0208941015259
-0.0266352867873
0.0540725506482
-0.0159530262519
-0.0156984511949
-0.0229055132161
0.0360877202883
-0.0119389576149
-0.0104342466529
-0.018585373593
-0.0133301797191
-0.00795411086563
-0.0052633815138
-0.0140607699951
-0.113214715182
-0.00412073887331
-0.000388098517024
-0.00898983378968
-0.285546234177
-0.000554781033442
0.00396724821848
-0.00293607245102
-0.556129210591
0.0026504513544
0.00763717457956
0.00444115720672
-0.949192640235
0.00541345662493
0.0104754955801
0.0132630675686
-1.48434761246
0.00766185353914
0.012354734178
0.0233498693401
-2.18391524345
0.00934566456412
0.0131464441309
0.034402650432
-3.07568659565
0.010474231767
0.0128225813142
0.0460811659147
-4.19304449762
0.0111909164828
0.0113460601534
0.0577579397966
-5.57744300318
0.0118608523221
0.00899459790177
0.0684000097115
-7.28312192867
0.0131150029026
0.00688159205658
0.0783285589145
-9.36071348652
0.0152841928608
0.00674945203597
0.0958923395011
-11.8606422263
0.0179553851845
0.0121492669703
0.131616511774
-14.7261593933
0.0205374932353
0.0265279531346
0.311446224207
-17.2813309823
0.0469359193455
-0.497634322139
-10.8106569984
-73.5934488886
0.0292011384576
0.0535290083763
-4.15609366084
-48.1680161406
0.0171265466841
0.101800957613
-0.936905867057
-34.8177529906
0.0200664302584
0.0944967197904
0.153641162047
-24.2673813455
0.0224902174694
0.0207496621394
0.0184849679419
0.0278786316211
0.0228492843093
0.0222796086391
0.0206556138539
0.0232807776445
0.0232078511861
0.0234829838491
0.0228880395366
0.0227621770959
0.0238352980857
0.0242142750103
0.0240591515313
0.023030135756
0.0238355975996
0.0242154809801
0.0240612292941
0.0230312330384
0.0232070706968
0.0234841915143
0.0228931322227
0.0227667565017
0.0228447858731
0.0222790227336
0.0206622336798
0.0232926601038
0.0224793321057
0.0207475200307
0.0184908192991
0.0279036857698
0.0200516087585
0.017112484912
0.0291586234098
0.0470628382593
0.0942506654714
0.101652165825
0.054120858751
-0.494877844945
0.155262806582
-0.930857465316
-4.13869694806
-10.7661350903
-24.2049856525
-34.7294414471
-48.0482171864
-73.4129082594
-17.2371327728
0.311207841023
0.0264659728291
0.0205299984344
-14.6906699348
0.131501288677
0.0121278487242
0.0179506443042
-11.8335008645
0.0957654085939
0.00674842886552
0.0152848850252
-9.3403522959
0.0782117108707
0.00689451528049
0.0131225648567
-7.26812279795
0.0682982962017
0.00901635228732
0.0118745632986
-5.56663422032
0.0576760701643
0.0113723751186
0.0112086657859
-4.18541452593
0.0460192810814
0.0128505568376
0.0104940101936
-3.07041474054
0.0343599732349
0.0131740273114
0.00936564935291
-2.18032495936
0.0233254326435
0.0123802284078
0.00768059742002
-1.48193793903
0.0132522158392
0.010497847428
0.00543001928889
-0.947629094131
0.00444271071096
0.0076556978935
0.00266402961883
-0.555176436576
-0.00292549017511
0.00398137454577
-0.000544917627497
-0.285055437659
-0.00897762607063
-0.000378866714068
-0.00411525816286
-0.112953933549
-0.0140485335779
-0.00525922384672
-0.00795316212878
-0.0132320946465
-0.0185798137164
-0.0104348643428
-0.0119425707343
0.0361202562918
-0.0229064883326
-0.0157035837253
-0.0159608204572
0.0540796096466
-0.0266417391621
-0.0209033598708
-0.0198420498857
0.04947133008
-0.0297286597348
-0.0258430274299
-0.0233785564498
0.0296616312203
-0.0323249994069
-0.0302187679877
-0.0262849768176
0.00507286839004
-0.034483689905
-0.0334310979458
-0.0281402631138
-0.00815802509065
-0.035799622136
-0.0345060237398
-0.0285226621907
0.0112648540603
-0.034505976176
-0.0322351965597
-0.0272300156514
0.0513234521179
-0.0342848577755
-0.0299928218315
-0.0265180691365
0.290329665667
-0.0120771779465
-0.0264788959494
-0.0260303262973
-237.619281297
-187.13809966
-41.555171386
-0.0403691620083
-237.355496146
-200.633936786
-61.8264032735
-0.975996313483
-238.592691996
-213.388766617
-78.1797550428
-2.23448751797
-240.456647507
-222.32372486
-94.8559029237
-3.99289812074
-242.629164719
-229.217089172
-111.471605114
-6.29189563931
-244.901564014
-234.867337681
-127.93613442
-9.24952285736
-247.258591129
-239.653229628
-143.99019084
-12.9664455006
-249.636879498
-243.774435331
-159.350203102
-17.5371372965
-252.002552293
-247.365229856
-173.63345263
-23.0748174341
-254.321552207
-250.652733123
-186.510541006
-29.6116090043
-256.559279594
-253.711138461
-198.158410539
-37.0094573553
-258.686039737
-256.538045389
-208.715591899
-45.1539868826
-260.674384301
-259.127509002
-218.196210858
-53.9521349593
-262.484311734
-261.47313801
-226.543072875
-63.3410790936
-264.088014828
-263.562744054
-233.77255787
-73.2608308662
-265.464534208
-265.378627804
-239.958810331
-83.6188686895
-266.585849739
-266.892968534
-245.201839187
-94.2816450648
-267.411322837
-268.094928087
-249.602022197
-105.098151578
-267.871540051
-268.800602787
-253.260197916
-115.935637165
-267.941911488
-269.087062272
-256.156725542
-126.634831653
-267.622365494
-268.959567355
-258.306754739
-137.00749844
-266.919825964
-268.356190548
-259.620957439
-146.835758655
-266.035628789
-267.295425455
-260.00901034
-156.574826953
-265.407822308
-266.522969548
-261.168594704
-166.334937692
-262.523727779
-255.200845917
-227.849372849
-173.396242595
-262.906952601
-262.297847632
-249.624857185
-171.738901653
-263.527781834
-263.529189674
-252.758286661
-170.17525291
-263.798642666
-264.443243282
-254.804478125
-166.264654994
-265.180436023
-264.068875086
-263.496261567
-264.06885864
-265.557468402
-264.738814691
-264.44312277
-265.455595705
-266.107504502
-265.563055024
-265.489169597
-266.695006186
-266.498282429
-266.129287372
-266.249243264
-267.61548505
-266.498249214
-266.129130596
-266.24885575
-267.614779069
-266.107615328
-265.562954531
-265.488718939
-266.694076455
-265.55775285
-264.738958086
-264.443020186
-265.454787641
-265.181069973
-264.069491155
-263.496933112
-264.06813462
-263.799726739
-263.528882061
-262.908794179
-262.522809939
-264.444102839
-263.529484031
-262.297097193
-255.180356795
-254.78025172
-252.729374433
-249.582515095
-227.774961812
-166.131807775
-170.02439579
-171.563380055
-173.234940156
-166.214666914
-261.153594161
-266.524128054
-265.408908464
-156.462654712
-259.9914843
-267.296564202
-266.036492687
-146.732393657
-259.602749377
-268.357460696
-266.920606458
-136.913965557
-258.28792115
-268.960958262
-267.623248269
-126.551188377
-256.137307991
-269.088476268
-267.942878849
-115.861693902
-253.240276556
-268.801438766
-267.872395399
-105.033816353
-249.581591374
-268.095305498
-267.412111234
-94.2264206909
-245.181183628
-266.893346128
-266.586703509
-83.5719295795
-239.93781945
-265.37883182
-265.465369285
-73.221362072
-233.750553597
-263.562830723
-264.088795075
-63.3081304441
-226.519694541
-261.47309677
-262.485024526
-53.9244462006
-218.17231334
-259.127293809
-260.675135008
-45.1308065444
-208.691769046
-256.537582091
-258.686709301
-36.99092359
-198.135022523
-253.710367177
-256.559808277
-29.5971340641
-186.48759732
-250.651686478
-254.321881226
-23.0644075082
-173.609596231
-247.363808881
-252.002657767
-17.5300265594
-159.327209618
-243.771932214
-249.636669927
-12.9617604489
-143.969602755
-239.649309689
-247.257922052
-9.24662260068
-127.91863962
-234.862569053
-244.900235092
-6.29017069977
-111.457120281
-229.211540279
-242.627173983
-3.99184130378
-94.8442377214
-222.318018686
-240.453880989
-2.23389347545
-78.171487843
-213.383488432
-238.589168737
-0.975768284594
-61.822897895
-200.630801946
-237.3512851
-0.0403725186117
-41.5580209702
-187.139758979
-237.614647669
-281.827083011
-281.139227444
-280.180110561
-279.27978192
-278.39578378
-277.551826424
-276.750027575
-275.989388369
-275.267887277
-274.583176498
-273.933070877
-273.313621685
-272.71734846
-272.137202412
-271.57073471
-271.016668433
-270.468648964
-269.916168108
-269.350521417
-268.76819694
-268.165804655
-267.517657617
-266.824346721
-266.501864241
-281.436404116
-280.742228504
-279.784576088
-278.88490567
-278.003438269
-277.162011441
-276.362534325
-275.603796319
-274.884124405
-274.201338986
-273.553093922
-272.936751481
-272.346660502
-271.775741651
-271.221560232
-270.686273324
-270.170207209
-269.668052019
-269.174862533
-268.692430421
-268.226135734
-267.752293059
-267.285916293
-267.243224099
-280.926294206
-280.222490567
-279.264214026
-278.36426045
-277.484297344
-276.645065773
-275.848125979
-275.092197538
-274.375853355
-273.69774882
-273.056847662
-272.451620543
-271.875483887
-271.31885813
-270.780780243
-270.268871801
-269.788057987
-269.33721332
-268.914422353
-268.524135732
-268.176475113
-267.856487992
-267.598789978
-267.748923754
-280.303508192
-279.593704079
-278.639009339
-277.742357951
-276.867421123
-276.033821674
-275.242305789
-274.491246371
-273.779921765
-273.1079421
-272.474984441
-271.8818546
-271.323750347
-270.787177178
-270.269122288
-269.781147629
-269.334186638
-268.931478551
-268.57573192
-268.274053711
-268.038075315
-267.862432641
-267.788439224
-268.076114201
-279.588817982
-278.87439657
-277.924934383
-277.0327856
-276.164227802
-275.339173592
-274.556740723
-273.812476344
-273.1068492
-272.442513232
-271.818893101
-271.236049687
-270.691656374
-270.174907
-269.679775774
-269.217128695
-268.801332212
-268.44013013
-268.140188957
-267.911760161
-267.767903088
-267.708802243
-267.771700372
-268.146519719
-278.788122011
-278.069904883
-277.126973832
-276.24023052
-275.378787331
-274.563077162
-273.791786561
-273.056973978
-272.359474474
-271.70367527
-271.089131222
-270.514865676
-269.981175477
-269.481718119
-269.009122778
-268.569988855
-268.180034208
-267.851291975
-267.594239344
-267.420628358
-267.343418426
-267.367579418
-267.521325528
-267.947956285
-277.903058325
-277.181630867
-276.246738855
-275.366934439
-274.514564499
-273.708733408
-272.948248074
-272.224826633
-271.538320122
-270.891796205
-270.284886291
-269.717845614
-269.193432119
-268.709593396
-268.257452013
-267.838158286
-267.46744274
-267.161519453
-266.932617781
-266.793503921
-266.758030321
-266.830170654
-267.031353094
-267.4760641
-276.933398188
-276.209070861
-275.283980714
-274.413861499
-273.573552199
-272.77898581
-272.028980582
-271.31811941
-270.644533752
-270.008847412
-269.411132963
-268.851941572
-268.334183007
-267.859069176
-267.420801724
-267.017719557
-266.661432982
-266.368390977
-266.153053381
-266.028889952
-266.009082726
-266.096834478
-266.304992067
-266.734130782
-275.879239827
-275.15359524
-274.240998605
-273.381496145
-272.554618151
-271.773338644
-271.036103996
-270.339800618
-269.681042411
-269.057887468
-268.471183799
-267.921495195
-267.409825635
-266.938003826
-266.504695039
-266.109615695
-265.760528194
-265.471160293
-265.255503272
-265.127239849
-265.100093499
-265.172890833
-265.353023209
-265.735101802
-274.73888888
-274.016830077
-273.120721851
-272.27058073
-271.456193315
-270.691076049
-269.970849733
-269.291506157
-268.649560625
-268.040878456
-267.465874919
-266.925988143
-266.421006691
-265.951575117
-265.518080785
-265.122620885
-264.771171861
-264.47406357
-264.243994133
-264.09509051
-264.03851086
-264.070160405
-264.190975941
-264.494414883
-273.507727868
-272.799287383
-271.931717975
-271.085183638
-270.27813911
-269.532577328
-268.834477731
-268.174868727
-267.550752088
-266.95868092
-266.397345749
-265.867668321
-265.369200524
-264.901849769
-264.466526112
-264.06552738
-263.703523414
-263.388401322
-263.130453868
-262.943045346
-262.836673214
-262.803108504
-262.837786748
-263.032518222
-272.183311084
-271.49187588
-270.665279266
-269.824833303
-269.025782973
-268.302312737
-267.628693779
-266.991701526
-266.387671394
-265.814181492
-265.268744107
-264.75079484
-264.259401027
-263.79394766
-263.355045193
-262.944721623
-262.566570439
-262.225793877
-261.929306251
-261.688121331
-261.511933785
-261.391649276
-261.317250544
-261.374651606
-270.789531515
-270.093787716
-269.29586117
-268.478806949
-267.704521662
-267.006114493
-266.357343887
-265.74518433
-265.164636367
-264.612321538
-264.08488473
-263.580485769
-263.097296608
-262.634043024
-262.190366062
-261.76724513
-261.367014177
-260.993430447
-260.65147817
-260.347434294
-260.087856205
-259.863095105
-259.65772335
-259.549693566
-269.327465158
-268.612676326
-267.82128903
-267.041318376
-266.309025267
-265.641606754
-265.021428337
-264.437831176
-263.884642133
-263.356946538
-262.850552603
-262.362333457
-261.889484928
-261.429747399
-260.981632665
-260.544595426
-260.118486626
-259.704787134
-259.309211898
-258.935712213
-258.585377423
-258.243671127
-257.888522852
-257.5909834
-267.774520286
-267.03548033
-266.255160124
-265.515635333
-264.831522299
-264.203097691
-263.618963378
-263.070106691
-262.549636646
-262.05149838
-261.570450648
-261.102291773
-260.64310718
-260.189565599
-259.73907188
-259.289609586
-258.838677245
-258.383269656
-257.925975783
-257.472438966
-257.022362322
-256.55503265
-256.038889891
-255.532618458
-266.114597449
-265.356373826
-264.601539368
-263.904079039
-263.270843543
-262.689247065
-262.149515221
-261.64288928
-261.161842054
-260.69937496
-260.249394808
-259.806537953
-259.365716054
-258.922324484
-258.472399276
-258.012476176
-257.538532682
-257.04409981
-256.525327973
-255.986623055
-255.42814103
-254.825840819
-254.139407421
-253.408567922
-264.339212351
-263.568666968
-262.854036958
-262.204039431
-261.627159567
-261.100544052
-260.613859806
-260.157709233
-259.723850595
-259.30447312
-258.892630232
-258.4818221
-258.065624738
-257.637920106
-257.193144993
-256.725896511
-256.230399544
-255.699454249
-255.125588494
-254.506368302
-253.837770852
-253.094345404
-252.229277451
-251.258491963
-262.430209798
-261.656463952
-261.00086187
-260.409337203
-259.89863579
-259.436522613
-259.012249877
-258.615619912
-258.237760022
-257.870162378
-257.505032621
-257.1346443
-256.751182813
-256.346986997
-255.914707339
-255.447015099
-254.936018962
-254.374312957
-253.75184205
-253.059033799
-252.284400061
-251.400163139
-250.351553608
-249.125219537
-260.382142972
-259.615999713
-259.037361177
-258.516436437
-258.083321061
-257.695792609
-257.343867204
-257.016652938
-256.704806712
-256.399150337
-256.090997178
-255.771293251
-255.430754131
-255.060270561
-254.650776267
-254.193382397
-253.678250712
-253.096042601
-252.433752447
-251.675914192
-250.804101344
-249.786100796
-248.553971609
-247.059641533
-258.145405061
-257.412732541
-256.945680379
-256.515180174
-256.175065387
-255.873887293
-255.605565282
-255.358971683
-255.124724132
-254.892948775
-254.654041551
-254.397543393
-254.112632784
-253.788410834
-253.414203849
-252.979932246
-252.476007921
-251.889488112
-251.201340673
-250.393186733
-249.440095455
-248.30524638
-246.897804626
-245.134556124
-255.743208275
-255.081434533
-254.747279857
-254.416667437
-254.177399206
-253.969774602
-253.794782079
-253.640128822
-253.496329151
-253.352345681
-253.197244215
-253.018973417
-252.804923438
-252.542224666
-252.217808615
-251.819789007
-251.345792654
-250.779078966
-250.086669573
-249.250466824
-248.241000584
-247.02188323
-245.466304393
-243.470679511
-253.041452578
-252.536682467
-252.368006417
-252.15885268
-252.037120725
-251.938651288
-251.875825457
-251.832785794
-251.799949299
-251.764278441
-251.713499245
-251.633839914
-251.511079678
-251.33060277
-251.076656401
-250.73256222
-250.308098524
-249.786149828
-249.113942335
-248.276202762
-247.238568316
-245.980458611
-244.33348831
-242.195798838
-250.218068939
-249.971910459
-249.952590397
-249.834323861
-249.816375775
-249.822318727
-249.880125761
-249.962060889
-250.057276649
-250.14832745
-250.221151666
-250.260077589
-250.249357952
-250.173228195
-250.014860926
-249.754180545
-249.398774471
-248.936197817
-248.308802296
-247.511808262
-246.498240208
-245.310275433
-243.705228431
-241.716173913
-247.071963189
-247.027519826
-247.062588075
-247.055881074
-247.203387777
-247.393773871
-247.645729013
-247.91713837
-248.194541709
-248.458181297
-248.693871809
-248.885849972
-249.018499711
-249.07627381
-249.04326009
-248.901381688
-248.639401767
-248.242977186
-247.671701574
-246.917085516
-245.91636441
-244.732721454
-243.151323882
-241.399044846
-282.982221941
-282.275691072
-281.355900458
-280.506676655
-279.661309087
-278.846879415
-278.069306351
-277.328611926
-276.623406303
-275.950871239
-275.306828826
-274.686131423
-274.084131927
-273.498264352
-272.925684856
-272.359475168
-271.788948299
-271.202208049
-270.588015535
-269.937376102
-269.247227843
-268.529980012
-267.814230192
-267.093469667
-282.86513505
-282.165410019
-281.251196184
-280.386506778
-279.53187521
-278.711176795
-277.92848004
-277.183437368
-276.474433335
-275.797938517
-275.149297696
-274.524447214
-273.920057277
-273.33247101
-272.756730737
-272.18548567
-271.609311134
-271.017044317
-270.397379355
-269.741543256
-269.046224232
-268.325657717
-267.605323306
-266.770043833
-282.653163919
-281.978280361
-281.036079665
-280.153788065
-279.285305318
-278.453489611
-277.661413234
-276.908309707
-276.193100979
-275.512440307
-274.858740983
-274.224825332
-273.610870027
-273.019185238
-272.44210495
-271.865841989
-271.279441767
-270.675556865
-270.046991274
-269.386844654
-268.694529307
-267.991614153
-267.269228442
-266.257653166
-282.245606509
-281.572812095
-280.614810036
-279.725108563
-278.851305174
-278.0164418
-277.222489587
-276.467805525
-275.750674998
-275.069424378
-274.419468208
-273.791633539
-273.179488538
-272.585098277
-272.008207056
-271.441067136
-270.87265548
-270.295086114
-269.706078075
-269.105622683
-268.49535502
-267.867278972
-267.109088545
-266.039944392
-282.245227147
-281.57235302
-280.614342057
-279.724714073
-278.851110372
-278.016466094
-277.222684873
-276.46812735
-275.750208551
-275.065971397
-274.413538395
-273.78928718
-273.184011043
-272.590568106
-272.009279627
-271.438649065
-270.870561681
-270.295396112
-269.707907108
-269.107348495
-268.49643887
-267.867962351
-267.109653572
-266.040451509
-282.652889157
-281.977958178
-281.035760541
-280.153551715
-279.285166422
-278.45337048
-277.66124637
-276.907798267
-276.191423083
-275.509793225
-274.85830852
-274.229231827
-273.616046332
-273.018675811
-272.436885089
-271.861565812
-271.279000202
-270.677772452
-270.049454916
-269.38825751
-268.695050454
-267.99182153
-267.269501968
-266.257935859
-282.86500121
-282.165237654
-281.250978167
-280.386304505
-279.531683422
-278.711002998
-277.928335405
-277.183295843
-276.474421228
-275.798537355
-275.15055364
-274.52508962
-273.918969117
-273.330719365
-272.756012448
-272.186211406
-271.61049862
-271.017768724
-270.397564738
-269.74151644
-269.046229753
-268.325769109
-267.605556014
-266.770250152
-282.982132868
-282.275593641
-281.355797991
-280.506605071
-279.6612803
-278.846899013
-278.069356488
-277.328671235
-276.623460671
-275.950886737
-275.306729487
-274.685919383
-274.083945816
-273.498255862
-272.925840607
-272.359640565
-271.789020001
-271.202205958
-270.588001925
-269.937386175
-269.247271554
-268.530048476
-267.814309512
-267.09352839
-247.070702669
-247.026212336
-247.061198984
-247.054386346
-247.201766046
-247.392018836
-247.643844438
-247.915137441
-248.192442818
-248.456003786
-248.691632619
-248.883560215
-249.016162685
-249.073884682
-249.040804533
-248.898851704
-248.636786667
-248.240254095
-247.66884878
-246.914082932
-245.913177052
-244.729299689
-243.147580698
-241.394829581
-250.216577232
-249.970386323
-249.951006502
-249.832670582
-249.814643493
-249.820506341
-249.87823703
-249.960103818
-250.055261952
-250.146265229
-250.219050991
-250.25794404
-250.247192005
-250.171024256
-250.012608702
-249.75186283
-249.396378206
-248.933706956
-248.30619608
-247.509069598
-246.4953445
-245.307186616
-243.701883507
-241.712435412
-253.039726998
-252.534949339
-252.366239207
-252.157047752
-252.035273837
-251.936764281
-251.873903544
-251.830833968
-251.79797675
-251.762291008
-251.711500514
-251.631830169
-251.509055447
-251.328557364
-251.074579257
-250.730441858
-250.305923606
-249.783908634
-249.111623442
-248.273796617
-247.236055665
-245.977813305
-244.330660445
-242.192726252
-255.741264208
-255.079499914
-254.745344095
-254.41472796
-254.175456205
-253.967830672
-253.792841635
-253.638196997
-253.494408492
-253.350437697
-253.195349014
-253.017087136
-252.803040511
-252.540336803
-252.215905492
-251.817863283
-251.343836648
-250.77708879
-250.08464148
-249.248397359
-248.238888211
-247.019703587
-245.464029779
-243.468262615
-258.14327899
-257.410629291
-256.943603868
-256.513129947
-256.173046104
-255.87190139
-255.60361657
-255.357062904
-255.122856039
-254.891120181
-254.65224735
-254.395776848
-254.110886959
-253.786677939
-253.412475485
-252.978202736
-252.474276296
-251.887755923
-251.199614087
-250.391470272
-249.438393384
-248.303549374
-246.896086794
-245.132788499
-260.379872305
-259.613761358
-259.035174959
-258.514304767
-258.081249809
-257.693785826
-257.341928059
-257.014782016
-256.703003559
-256.397410258
-256.089312476
-255.769653464
-255.429153349
-255.058699558
-254.649228624
-254.191855291
-253.676747059
-253.094571484
-252.432325156
-251.674544343
-250.802795379
-249.784857751
-248.552791493
-247.058497548
-262.427831147
-261.654126482
-260.998598799
-260.407152967
-259.896539527
-259.434518354
-259.010340251
-258.613801978
-258.236035494
-257.868523542
-257.503468732
-257.13314419
-256.749736465
-256.345585784
-255.913345902
-255.445693557
-254.934745603
-254.373103397
-253.750708067
-253.057991235
-252.283458905
-251.399325865
-250.35083317
-249.124623787
-264.336759774
-263.566264068
-262.851729117
-262.201833607
-261.62506615
-261.098567162
-260.612001499
-260.155969179
-259.722224782
-259.302952999
-258.891202207
-258.480472111
-258.064342346
-257.636696735
-257.191976292
-256.724783331
-256.22934833
-255.6984843
-255.124721126
-254.505623057
-253.837156425
-253.093857798
-252.228931202
-251.25830431
-266.112101635
-265.353934194
-264.599214145
-263.901877449
-263.268775755
-262.687318149
-262.147726296
-261.641240361
-261.160329578
-260.69799115
-260.24811943
-259.805348455
-259.364605242
-258.921286009
-258.47142304
-258.011569121
-257.537703111
-257.043365725
-256.524710234
-255.986141163
-255.427801204
-254.825645305
-254.139369328
-253.408708499
-267.77201007
-267.033031388
-266.25284265
-265.513463946
-264.829501266
-264.201235961
-263.617260331
-263.068563242
-262.548240531
-262.050243218
-261.569314768
-261.101259029
-260.642169076
-260.188715524
-259.738297276
-259.288917815
-258.838079439
-258.38276446
-257.925591314
-257.472189987
-257.022255065
-256.555074874
-256.039089951
-255.532993944
-269.324973355
-268.610243822
-267.818993668
-267.03919696
-266.307073126
-265.639827088
-265.019822964
-264.43640161
-263.883372363
-263.355850738
-262.849576105
-262.361473146
-261.888727572
-261.429084182
-260.981052041
-260.544096833
-260.118080792
-259.704497579
-259.309044713
-258.935673347
-258.585475021
-258.243922447
-257.888921915
-257.5915454
-270.787087381
-270.091395113
-269.293595282
-268.476737807
-267.702650448
-267.004427678
-266.355843871
-265.743892654
-265.163510497
-264.611377781
-264.084068992
-263.579796935
-263.096720319
-262.633565533
-262.189989235
-261.766943677
-261.366803586
-260.993326164
-260.651491848
-260.347582719
-260.088130967
-259.863513539
-259.658275983
-259.55039005
-272.180955344
-271.489561935
-270.663065381
-269.822837431
-269.024001331
-268.300720238
-267.627291965
-266.99051828
-266.386692591
-265.813368184
-265.268084041
-264.75027699
-264.25900164
-263.793680143
-263.354846517
-262.944608179
-262.566565773
-262.22587703
-261.929485632
-261.688414961
-261.512342152
-261.392200651
-261.31792206
-261.37540595
-273.505463882
-272.797056976
-271.929628093
-271.083292146
-270.276452856
-269.531106389
-268.83320056
-268.173793719
-267.549886888
-266.958014012
-266.396852088
-265.867333484
-265.368959982
-264.901731268
-264.466502255
-264.065597198
-263.703689289
-263.38863356
-263.130775718
-262.943467534
-262.837185303
-262.803743956
-262.838521066
-263.03329589
-274.736741696
-274.014707551
-273.118729252
-272.26877389
-271.45459615
-270.689719122
-269.969720969
-269.290595962
-268.648855396
-268.040344355
-267.465536824
-266.925805724
-266.420963672
-265.951611597
-265.51821858
-265.122843125
-264.771467928
-264.474464118
-264.244441747
-264.095585555
-264.039099272
-264.070844668
-264.191765799
-264.49525662
-275.877218537
-275.151598773
-274.239144602
-273.379788268
-272.553113848
-271.77207228
-271.035095669
-270.339017346
-269.680479532
-269.057516503
-268.470999136
-267.921457068
-267.409941959
-266.938219592
-266.50499067
-266.109988729
-265.760943446
-265.471632792
-265.256055695
-265.127857376
-265.100730391
-265.173605916
-265.353882452
-265.735977647
-276.931513451
-276.207194219
-275.282241108
-274.412297938
-273.572193619
-272.777842939
-272.028048069
-271.317438947
-270.644097866
-270.008606645
-269.411093101
-268.852070245
-268.334442725
-267.859404393
-267.421224692
-267.018181509
-266.661929877
-266.36893771
-266.153637653
-266.02953245
-266.009837234
-266.097608581
-266.30579386
-266.734945386
-277.901325962
-277.1798885
-276.245099293
-275.365463286
-274.51337149
-273.707767277
-272.947440649
-272.22420096
-271.537976609
-270.891681536
-270.284967841
-269.718099172
-269.193823719
-268.710071982
-268.257957038
-267.838656608
-267.467972929
-267.162086394
-266.933240575
-266.794160069
-266.758746993
-266.830989117
-267.032164132
-267.476790363
-278.786556522
-278.068310667
-277.125462533
-276.238866698
-275.377694275
-274.562255028
-273.791124426
-273.056443507
-272.359198436
-271.703666468
-271.08930989
-270.515231851
-269.981681171
-269.482267557
-269.009653854
-268.57050757
-268.180556618
-267.851860001
-267.594842601
-267.421274557
-267.344101602
-267.368323945
-267.522131653
-267.948660831
-279.587432499
-278.872964808
-277.923565797
-277.031557665
-276.163238242
-275.338431717
-274.556185067
-273.812094205
-273.106637068
-272.442565131
-271.819167007
-271.236492672
-270.69221894
-270.175466401
-269.680298694
-269.21764413
-268.801869059
-268.440675456
-268.140719054
-267.912314597
-267.768497705
-267.709474149
-267.772419482
-268.147286264
-280.302313412
-279.592445156
-278.637793365
-277.741273632
-276.866542864
-276.033167801
-275.241853712
-274.490966667
-273.779754071
-273.107967562
-272.475292766
-271.882400844
-271.324407201
-270.787779881
-270.269606716
-269.781603995
-269.334665988
-268.931957915
-268.576182182
-268.274476906
-268.0385022
-267.862937652
-267.789015818
-268.076704326
-280.925299731
-280.221415136
-279.263161705
-278.363334217
-277.483538729
-276.644476144
-275.847687936
-275.09190069
-274.375696783
-273.69783864
-273.057444207
-272.452522336
-271.876216285
-271.319159643
-270.780929119
-270.269207458
-269.788580935
-269.337729091
-268.914804081
-268.524396109
-268.176720422
-267.856816357
-267.599207864
-267.749314326
-281.435596802
-280.741338394
-279.783696225
-278.884098449
-278.002741639
-277.161438213
-276.362154177
-275.603663724
-274.884361512
-274.202070587
-273.554082761
-272.937043954
-272.345983191
-271.775141351
-271.222008585
-270.687448287
-270.171232032
-269.668573315
-269.175033916
-268.692469858
-268.226230666
-267.752568109
-267.286347402
-267.243616782
-281.826424624
-281.138503112
-280.179387967
-279.279110919
-278.395255753
-277.55155611
-276.750065139
-275.989758699
-275.268640755
-274.583554956
-273.931533283
-273.310332624
-272.715402459
-272.13874923
-271.574137745
-271.018963158
-270.46910362
-269.915964453
-269.350531603
-268.768423869
-268.166095018
-267.517998061
-266.824685319
-266.502092763
)
;

boundaryField
{
    frontAndBack
    {
        type            empty;
    }
    top
    {
        type            totalPressure;
        rho             rho;
        psi             none;
        gamma           1;
        p0              uniform 0;
        value           nonuniform List<scalar> 
56
(
0
0
0
0
0
0
0
0
0
-1.00516388551e-07
-5.96178639763e-07
-1.41665628216e-06
-2.42390169636e-06
-3.5091072011e-06
-4.59083369416e-06
-5.60873172627e-06
-6.52003549392e-06
-7.29469121488e-06
-7.90938675396e-06
-8.34022408854e-06
-8.55283668841e-06
-8.46328520192e-06
-7.65506229132e-06
-2.65296703993e-06
0
0
0
0
0
0
0
0
-2.69305282975e-06
-7.54855136123e-06
-8.32148501843e-06
-8.41368364069e-06
-8.21926127175e-06
-7.81389256139e-06
-7.22707941354e-06
-6.47943900662e-06
-5.5919841067e-06
-4.5932023559e-06
-3.52483645355e-06
-2.44669242234e-06
-1.44011647546e-06
-6.14381456268e-07
-1.08833391242e-07
0
0
0
0
0
0
0
0
0
)
;
    }
    inlet
    {
        type            buoyantPressure;
        gradient        uniform 0;
        rho             rho;
        value           nonuniform List<scalar> 
56
(
-0.000206654855117
-0.000714426790823
-0.000970304494558
-0.0013756397889
-0.00177262153462
-0.00221016471514
-0.00267663871462
-0.00318311854032
-0.00373326895446
-0.00433483340828
-0.00499407792217
-0.00571867954211
-0.00651615756973
-0.00739467747993
-0.00836269063741
-0.00942910728286
-0.0106045051923
-0.0118994237513
-0.0133267462608
-0.0149012424804
-0.0166685450213
-0.0187182771823
-0.0211060653389
-0.0235279836807
-0.0260100016141
-0.026458050656
-0.0120476696437
0.290447347318
-237.619281297
-187.13809966
-41.555171386
-0.0403691620083
-247.071963189
-247.027519826
-247.062588075
-247.055881074
-247.203387777
-247.393773871
-247.645729013
-247.91713837
-248.194541709
-248.458181297
-248.693871809
-248.885849972
-249.018499711
-249.07627381
-249.04326009
-248.901381688
-248.639401767
-248.242977186
-247.671701574
-246.917085516
-245.91636441
-244.732721454
-243.151323882
-241.399044846
)
;
    }
    outlet
    {
        type            buoyantPressure;
        gradient        uniform 0;
        rho             rho;
        value           nonuniform List<scalar> 
56
(
-0.000205942713163
-0.000716015925093
-0.000972851287096
-0.00137985361616
-0.00177788986145
-0.0022162017329
-0.00268356301547
-0.00319080666822
-0.00374180625959
-0.00434420491314
-0.00500431652352
-0.00572979197841
-0.00652816053296
-0.00740759742644
-0.00837651847939
-0.0094438828635
-0.0106201659097
-0.0119159751704
-0.0133441659395
-0.0149194978167
-0.0166875802202
-0.0187379587006
-0.0211261019117
-0.0235482428543
0.290329665667
-0.0120771779465
-0.0264788959494
-0.0260303262973
-0.0403725186117
-41.5580209702
-187.139758979
-237.614647669
-247.070702669
-247.026212336
-247.061198984
-247.054386346
-247.201766046
-247.392018836
-247.643844438
-247.915137441
-248.192442818
-248.456003786
-248.691632619
-248.883560215
-249.016162685
-249.073884682
-249.040804533
-248.898851704
-248.636786667
-248.240254095
-247.66884878
-246.914082932
-245.913177052
-244.729299689
-243.147580698
-241.394829581
)
;
    }
    floatingObject
    {
        type            buoyantPressure;
        gradient        uniform -0;
        rho             rho;
        value           nonuniform List<scalar> 
32
(
0.0469359193455
-0.497634322139
-10.8106569984
-73.5934488886
0.0278786316211
0.0232807776445
0.0227621770959
0.023030135756
0.0230312330384
0.0227667565017
0.0232926601038
0.0279036857698
0.0470628382593
-0.494877844945
-10.7661350903
-73.4129082594
-262.523727779
-255.200845917
-227.849372849
-173.396242595
-264.06885864
-265.455595705
-266.695006186
-267.61548505
-267.614779069
-266.694076455
-265.454787641
-264.06813462
-262.522809939
-255.180356795
-227.774961812
-173.234940156
)
;
    }
    bottom
    {
        type            buoyantPressure;
        gradient        uniform -0;
        rho             rho;
        value           nonuniform List<scalar> 
56
(
-281.827083011
-281.436404116
-280.926294206
-280.303508192
-279.588817982
-278.788122011
-277.903058325
-276.933398188
-275.879239827
-274.73888888
-273.507727868
-272.183311084
-270.789531515
-269.327465158
-267.774520286
-266.114597449
-264.339212351
-262.430209798
-260.382142972
-258.145405061
-255.743208275
-253.041452578
-250.218068939
-247.071963189
-282.982221941
-282.86513505
-282.653163919
-282.245606509
-282.245227147
-282.652889157
-282.86500121
-282.982132868
-247.070702669
-250.216577232
-253.039726998
-255.741264208
-258.14327899
-260.379872305
-262.427831147
-264.336759774
-266.112101635
-267.77201007
-269.324973355
-270.787087381
-272.180955344
-273.505463882
-274.736741696
-275.877218537
-276.931513451
-277.901325962
-278.786556522
-279.587432499
-280.302313412
-280.925299731
-281.435596802
-281.826424624
)
;
    }
}


// ************************************************************************* //
