/*--------------------------------*- C++ -*----------------------------------*\
| =========                 |                                                 |
| \\      /  F ield         | foam-extend: Open Source CFD                    |
|  \\    /   O peration     | Version:     3.2                                |
|   \\  /    A nd           | Web:         http://www.foam-extend.org         |
|    \\/     M anipulation  | For copyright notice see file Copyright         |
\*---------------------------------------------------------------------------*/
FoamFile
{
    version     2.0;
    format      ascii;
    class       labelList;
    note        "nPoints: 6656 nAllPoints: 6656 nInternalFaces: 6272 nFaces: 12928 nAllFaces: 12928 nCells: 3200";
    location    "constant/polyMesh";
    object      neighbour;
}
// * * * * * * * * * * * * * * * * * * * * * * * * * * * * * * * * * * * * * //


6272
(
1
24
648
2
25
649
3
26
650
4
27
651
5
28
652
6
29
653
7
30
654
8
31
655
9
32
656
10
33
657
11
34
658
12
35
659
13
36
660
14
37
661
15
38
662
16
39
663
17
40
664
18
41
665
19
42
666
20
43
667
21
44
668
22
45
669
23
46
670
47
671
1436
25
48
26
49
27
50
28
51
29
52
30
53
31
54
32
55
33
56
34
57
35
58
36
59
37
60
38
61
39
62
40
63
41
64
42
65
43
66
44
67
45
68
46
69
47
70
71
1432
49
72
50
73
51
74
52
75
53
76
54
77
55
78
56
79
57
80
58
81
59
82
60
83
61
84
62
85
63
86
64
87
65
88
66
89
67
90
68
91
69
92
70
93
71
94
95
1428
73
96
74
97
75
98
76
99
77
100
78
101
79
102
80
103
81
104
82
105
83
106
84
107
85
108
86
109
87
110
88
111
89
112
90
113
91
114
92
115
93
116
94
117
95
118
119
1424
97
120
98
121
99
122
100
123
101
124
102
125
103
126
104
127
105
128
106
129
107
130
108
131
109
132
110
133
111
134
112
135
113
136
114
137
115
138
116
139
117
140
118
141
119
142
143
1420
121
144
122
145
123
146
124
147
125
148
126
149
127
150
128
151
129
152
130
153
131
154
132
155
133
156
134
157
135
158
136
159
137
160
138
161
139
162
140
163
141
164
142
165
143
166
167
1416
145
168
146
169
147
170
148
171
149
172
150
173
151
174
152
175
153
176
154
177
155
178
156
179
157
180
158
181
159
182
160
183
161
184
162
185
163
186
164
187
165
188
166
189
167
190
191
1412
169
192
170
193
171
194
172
195
173
196
174
197
175
198
176
199
177
200
178
201
179
202
180
203
181
204
182
205
183
206
184
207
185
208
186
209
187
210
188
211
189
212
190
213
191
214
215
1408
193
216
194
217
195
218
196
219
197
220
198
221
199
222
200
223
201
224
202
225
203
226
204
227
205
228
206
229
207
230
208
231
209
232
210
233
211
234
212
235
213
236
214
237
215
238
239
1404
217
240
218
241
219
242
220
243
221
244
222
245
223
246
224
247
225
248
226
249
227
250
228
251
229
252
230
253
231
254
232
255
233
256
234
257
235
258
236
259
237
260
238
261
239
262
263
1400
241
264
242
265
243
266
244
267
245
268
246
269
247
270
248
271
249
272
250
273
251
274
252
275
253
276
254
277
255
278
256
279
257
280
258
281
259
282
260
283
261
284
262
285
263
286
287
1396
265
288
266
289
267
290
268
291
269
292
270
293
271
294
272
295
273
296
274
297
275
298
276
299
277
300
278
301
279
302
280
303
281
304
282
305
283
306
284
307
285
308
286
309
287
310
311
1392
289
312
290
313
291
314
292
315
293
316
294
317
295
318
296
319
297
320
298
321
299
322
300
323
301
324
302
325
303
326
304
327
305
328
306
329
307
330
308
331
309
332
310
333
311
334
335
1388
313
336
314
337
315
338
316
339
317
340
318
341
319
342
320
343
321
344
322
345
323
346
324
347
325
348
326
349
327
350
328
351
329
352
330
353
331
354
332
355
333
356
334
357
335
358
359
1384
337
360
338
361
339
362
340
363
341
364
342
365
343
366
344
367
345
368
346
369
347
370
348
371
349
372
350
373
351
374
352
375
353
376
354
377
355
378
356
379
357
380
358
381
359
382
383
1380
361
384
362
385
363
386
364
387
365
388
366
389
367
390
368
391
369
392
370
393
371
394
372
395
373
396
374
397
375
398
376
399
377
400
378
401
379
402
380
403
381
404
382
405
383
406
407
1376
385
408
386
409
387
410
388
411
389
412
390
413
391
414
392
415
393
416
394
417
395
418
396
419
397
420
398
421
399
422
400
423
401
424
402
425
403
426
404
427
405
428
406
429
407
430
431
1372
409
432
410
433
411
434
412
435
413
436
414
437
415
438
416
439
417
440
418
441
419
442
420
443
421
444
422
445
423
446
424
447
425
448
426
449
427
450
428
451
429
452
430
453
431
454
455
1368
433
456
434
457
435
458
436
459
437
460
438
461
439
462
440
463
441
464
442
465
443
466
444
467
445
468
446
469
447
470
448
471
449
472
450
473
451
474
452
475
453
476
454
477
455
478
479
1364
457
480
458
481
459
482
460
483
461
484
462
485
463
486
464
487
465
488
466
489
467
490
468
491
469
492
470
493
471
494
472
495
473
496
474
497
475
498
476
499
477
500
478
501
479
502
503
1360
481
504
482
505
483
506
484
507
485
508
486
509
487
510
488
511
489
512
490
513
491
514
492
515
493
516
494
517
495
518
496
519
497
520
498
521
499
522
500
523
501
524
502
525
503
526
527
1356
505
528
506
529
507
530
508
531
509
532
510
533
511
534
512
535
513
536
514
537
515
538
516
539
517
540
518
541
519
542
520
543
521
544
522
545
523
546
524
547
525
548
526
549
527
550
551
1352
529
552
530
553
531
554
532
555
533
556
534
557
535
558
536
559
537
560
538
561
539
562
540
563
541
564
542
565
543
566
544
567
545
568
546
569
547
570
548
571
549
572
550
573
551
574
575
1348
553
554
555
556
557
558
559
560
561
562
563
564
565
566
567
568
569
570
571
572
573
574
575
1344
577
600
744
578
601
745
579
602
746
580
603
747
581
604
748
582
605
749
583
606
750
584
607
751
585
608
752
586
609
753
587
610
754
588
611
755
589
612
756
590
613
757
591
614
758
592
615
759
593
616
760
594
617
761
595
618
762
596
619
763
597
620
764
598
621
765
599
622
766
623
767
1468
601
624
602
625
603
626
604
627
605
628
606
629
607
630
608
631
609
632
610
633
611
634
612
635
613
636
614
637
615
638
616
639
617
640
618
641
619
642
620
643
621
644
622
645
623
646
647
1464
625
648
626
649
627
650
628
651
629
652
630
653
631
654
632
655
633
656
634
657
635
658
636
659
637
660
638
661
639
662
640
663
641
664
642
665
643
666
644
667
645
668
646
669
647
670
671
1460
649
650
651
652
653
654
655
656
657
658
659
660
661
662
663
664
665
666
667
668
669
670
671
1456
673
696
1320
674
697
1321
675
698
1322
676
699
1323
677
700
1324
678
701
1325
679
702
1326
680
703
1327
681
704
1328
682
705
1329
683
706
1330
684
707
1331
685
708
1332
686
709
1333
687
710
1334
688
711
1335
689
712
1336
690
713
1337
691
714
1338
692
715
1339
693
716
1340
694
717
1341
695
718
1342
719
1343
1484
697
720
698
721
699
722
700
723
701
724
702
725
703
726
704
727
705
728
706
729
707
730
708
731
709
732
710
733
711
734
712
735
713
736
714
737
715
738
716
739
717
740
718
741
719
742
743
1480
721
744
722
745
723
746
724
747
725
748
726
749
727
750
728
751
729
752
730
753
731
754
732
755
733
756
734
757
735
758
736
759
737
760
738
761
739
762
740
763
741
764
742
765
743
766
767
1476
745
746
747
748
749
750
751
752
753
754
755
756
757
758
759
760
761
762
763
764
765
766
767
1472
769
792
770
793
771
794
772
795
773
796
774
797
775
798
776
799
777
800
778
801
779
802
780
803
781
804
782
805
783
806
784
807
785
808
786
809
787
810
788
811
789
812
790
813
791
814
815
1599
793
816
794
817
795
818
796
819
797
820
798
821
799
822
800
823
801
824
802
825
803
826
804
827
805
828
806
829
807
830
808
831
809
832
810
833
811
834
812
835
813
836
814
837
815
838
839
1595
817
840
818
841
819
842
820
843
821
844
822
845
823
846
824
847
825
848
826
849
827
850
828
851
829
852
830
853
831
854
832
855
833
856
834
857
835
858
836
859
837
860
838
861
839
862
863
1591
841
864
842
865
843
866
844
867
845
868
846
869
847
870
848
871
849
872
850
873
851
874
852
875
853
876
854
877
855
878
856
879
857
880
858
881
859
882
860
883
861
884
862
885
863
886
887
1587
865
888
866
889
867
890
868
891
869
892
870
893
871
894
872
895
873
896
874
897
875
898
876
899
877
900
878
901
879
902
880
903
881
904
882
905
883
906
884
907
885
908
886
909
887
910
911
1583
889
912
890
913
891
914
892
915
893
916
894
917
895
918
896
919
897
920
898
921
899
922
900
923
901
924
902
925
903
926
904
927
905
928
906
929
907
930
908
931
909
932
910
933
911
934
935
1579
913
936
914
937
915
938
916
939
917
940
918
941
919
942
920
943
921
944
922
945
923
946
924
947
925
948
926
949
927
950
928
951
929
952
930
953
931
954
932
955
933
956
934
957
935
958
959
1575
937
960
938
961
939
962
940
963
941
964
942
965
943
966
944
967
945
968
946
969
947
970
948
971
949
972
950
973
951
974
952
975
953
976
954
977
955
978
956
979
957
980
958
981
959
982
983
1571
961
984
962
985
963
986
964
987
965
988
966
989
967
990
968
991
969
992
970
993
971
994
972
995
973
996
974
997
975
998
976
999
977
1000
978
1001
979
1002
980
1003
981
1004
982
1005
983
1006
1007
1567
985
1008
986
1009
987
1010
988
1011
989
1012
990
1013
991
1014
992
1015
993
1016
994
1017
995
1018
996
1019
997
1020
998
1021
999
1022
1000
1023
1001
1024
1002
1025
1003
1026
1004
1027
1005
1028
1006
1029
1007
1030
1031
1563
1009
1032
1010
1033
1011
1034
1012
1035
1013
1036
1014
1037
1015
1038
1016
1039
1017
1040
1018
1041
1019
1042
1020
1043
1021
1044
1022
1045
1023
1046
1024
1047
1025
1048
1026
1049
1027
1050
1028
1051
1029
1052
1030
1053
1031
1054
1055
1559
1033
1056
1034
1057
1035
1058
1036
1059
1037
1060
1038
1061
1039
1062
1040
1063
1041
1064
1042
1065
1043
1066
1044
1067
1045
1068
1046
1069
1047
1070
1048
1071
1049
1072
1050
1073
1051
1074
1052
1075
1053
1076
1054
1077
1055
1078
1079
1555
1057
1080
1058
1081
1059
1082
1060
1083
1061
1084
1062
1085
1063
1086
1064
1087
1065
1088
1066
1089
1067
1090
1068
1091
1069
1092
1070
1093
1071
1094
1072
1095
1073
1096
1074
1097
1075
1098
1076
1099
1077
1100
1078
1101
1079
1102
1103
1551
1081
1104
1082
1105
1083
1106
1084
1107
1085
1108
1086
1109
1087
1110
1088
1111
1089
1112
1090
1113
1091
1114
1092
1115
1093
1116
1094
1117
1095
1118
1096
1119
1097
1120
1098
1121
1099
1122
1100
1123
1101
1124
1102
1125
1103
1126
1127
1547
1105
1128
1106
1129
1107
1130
1108
1131
1109
1132
1110
1133
1111
1134
1112
1135
1113
1136
1114
1137
1115
1138
1116
1139
1117
1140
1118
1141
1119
1142
1120
1143
1121
1144
1122
1145
1123
1146
1124
1147
1125
1148
1126
1149
1127
1150
1151
1543
1129
1152
1130
1153
1131
1154
1132
1155
1133
1156
1134
1157
1135
1158
1136
1159
1137
1160
1138
1161
1139
1162
1140
1163
1141
1164
1142
1165
1143
1166
1144
1167
1145
1168
1146
1169
1147
1170
1148
1171
1149
1172
1150
1173
1151
1174
1175
1539
1153
1176
1154
1177
1155
1178
1156
1179
1157
1180
1158
1181
1159
1182
1160
1183
1161
1184
1162
1185
1163
1186
1164
1187
1165
1188
1166
1189
1167
1190
1168
1191
1169
1192
1170
1193
1171
1194
1172
1195
1173
1196
1174
1197
1175
1198
1199
1535
1177
1200
1178
1201
1179
1202
1180
1203
1181
1204
1182
1205
1183
1206
1184
1207
1185
1208
1186
1209
1187
1210
1188
1211
1189
1212
1190
1213
1191
1214
1192
1215
1193
1216
1194
1217
1195
1218
1196
1219
1197
1220
1198
1221
1199
1222
1223
1531
1201
1224
1202
1225
1203
1226
1204
1227
1205
1228
1206
1229
1207
1230
1208
1231
1209
1232
1210
1233
1211
1234
1212
1235
1213
1236
1214
1237
1215
1238
1216
1239
1217
1240
1218
1241
1219
1242
1220
1243
1221
1244
1222
1245
1223
1246
1247
1527
1225
1248
1226
1249
1227
1250
1228
1251
1229
1252
1230
1253
1231
1254
1232
1255
1233
1256
1234
1257
1235
1258
1236
1259
1237
1260
1238
1261
1239
1262
1240
1263
1241
1264
1242
1265
1243
1266
1244
1267
1245
1268
1246
1269
1247
1270
1271
1523
1249
1272
1250
1273
1251
1274
1252
1275
1253
1276
1254
1277
1255
1278
1256
1279
1257
1280
1258
1281
1259
1282
1260
1283
1261
1284
1262
1285
1263
1286
1264
1287
1265
1288
1266
1289
1267
1290
1268
1291
1269
1292
1270
1293
1271
1294
1295
1519
1273
1296
1274
1297
1275
1298
1276
1299
1277
1300
1278
1301
1279
1302
1280
1303
1281
1304
1282
1305
1283
1306
1284
1307
1285
1308
1286
1309
1287
1310
1288
1311
1289
1312
1290
1313
1291
1314
1292
1315
1293
1316
1294
1317
1295
1318
1319
1515
1297
1320
1298
1321
1299
1322
1300
1323
1301
1324
1302
1325
1303
1326
1304
1327
1305
1328
1306
1329
1307
1330
1308
1331
1309
1332
1310
1333
1311
1334
1312
1335
1313
1336
1314
1337
1315
1338
1316
1339
1317
1340
1318
1341
1319
1342
1343
1511
1321
1322
1323
1324
1325
1326
1327
1328
1329
1330
1331
1332
1333
1334
1335
1336
1337
1338
1339
1340
1341
1342
1343
1507
1345
1348
1346
1349
1347
1350
1351
1603
1349
1352
1350
1353
1351
1354
1355
1607
1353
1356
1354
1357
1355
1358
1359
1611
1357
1360
1358
1361
1359
1362
1363
1615
1361
1364
1362
1365
1363
1366
1367
1619
1365
1368
1366
1369
1367
1370
1371
1623
1369
1372
1370
1373
1371
1374
1375
1627
1373
1376
1374
1377
1375
1378
1379
1631
1377
1380
1378
1381
1379
1382
1383
1635
1381
1384
1382
1385
1383
1386
1387
1639
1385
1388
1386
1389
1387
1390
1391
1643
1389
1392
1390
1393
1391
1394
1395
1647
1393
1396
1394
1397
1395
1398
1399
1651
1397
1400
1398
1401
1399
1402
1403
1655
1401
1404
1402
1405
1403
1406
1407
1659
1405
1408
1406
1409
1407
1410
1411
1663
1409
1412
1410
1413
1411
1414
1415
1667
1413
1416
1414
1417
1415
1418
1419
1671
1417
1420
1418
1421
1419
1422
1423
1675
1421
1424
1422
1425
1423
1426
1427
1679
1425
1428
1426
1429
1427
1430
1431
1683
1429
1432
1430
1433
1431
1434
1435
1687
1433
1436
1434
1437
1435
1438
1439
1691
1437
1452
1438
1453
1439
1454
1455
1695
1441
1444
1459
1442
1445
1443
1446
1447
1699
1445
1448
1458
1446
1449
1447
1450
1451
1703
1449
1452
1457
1450
1453
1451
1454
1455
1707
1453
1456
1454
1455
1711
1457
1460
1458
1461
1459
1462
1463
1461
1464
1462
1465
1463
1466
1467
1465
1468
1466
1469
1467
1470
1471
1469
1472
1470
1473
1471
1474
1475
1473
1476
1474
1477
1475
1478
1479
1477
1480
1478
1481
1479
1482
1483
1481
1484
1482
1485
1483
1486
1487
1485
1488
1486
1489
1487
1490
1491
1489
1492
1507
1490
1493
1491
1494
1495
1493
1496
1506
1494
1497
1495
1498
1499
1497
1500
1505
1498
1501
1499
1502
1503
1501
1504
1756
1502
1757
1503
1758
1759
1505
1508
1760
1506
1509
1507
1510
1511
1509
1512
1764
1510
1513
1511
1514
1515
1513
1516
1768
1514
1517
1515
1518
1519
1517
1520
1772
1518
1521
1519
1522
1523
1521
1524
1776
1522
1525
1523
1526
1527
1525
1528
1780
1526
1529
1527
1530
1531
1529
1532
1784
1530
1533
1531
1534
1535
1533
1536
1788
1534
1537
1535
1538
1539
1537
1540
1792
1538
1541
1539
1542
1543
1541
1544
1796
1542
1545
1543
1546
1547
1545
1548
1800
1546
1549
1547
1550
1551
1549
1552
1804
1550
1553
1551
1554
1555
1553
1556
1808
1554
1557
1555
1558
1559
1557
1560
1812
1558
1561
1559
1562
1563
1561
1564
1816
1562
1565
1563
1566
1567
1565
1568
1820
1566
1569
1567
1570
1571
1569
1572
1824
1570
1573
1571
1574
1575
1573
1576
1828
1574
1577
1575
1578
1579
1577
1580
1832
1578
1581
1579
1582
1583
1581
1584
1836
1582
1585
1583
1586
1587
1585
1588
1840
1586
1589
1587
1590
1591
1589
1592
1844
1590
1593
1591
1594
1595
1593
1596
1848
1594
1597
1595
1598
1599
1597
1852
1598
1599
1601
1604
2431
1602
1605
1603
1606
1607
1605
1608
2407
1606
1609
1607
1610
1611
1609
1612
2383
1610
1613
1611
1614
1615
1613
1616
2359
1614
1617
1615
1618
1619
1617
1620
2335
1618
1621
1619
1622
1623
1621
1624
2311
1622
1625
1623
1626
1627
1625
1628
2287
1626
1629
1627
1630
1631
1629
1632
2263
1630
1633
1631
1634
1635
1633
1636
2239
1634
1637
1635
1638
1639
1637
1640
2215
1638
1641
1639
1642
1643
1641
1644
2191
1642
1645
1643
1646
1647
1645
1648
2167
1646
1649
1647
1650
1651
1649
1652
2143
1650
1653
1651
1654
1655
1653
1656
2119
1654
1657
1655
1658
1659
1657
1660
2095
1658
1661
1659
1662
1663
1661
1664
2071
1662
1665
1663
1666
1667
1665
1668
2047
1666
1669
1667
1670
1671
1669
1672
2023
1670
1673
1671
1674
1675
1673
1676
1999
1674
1677
1675
1678
1679
1677
1680
1975
1678
1681
1679
1682
1683
1681
1684
1951
1682
1685
1683
1686
1687
1685
1688
1927
1686
1689
1687
1690
1691
1689
1692
1903
1690
1693
1691
1694
1695
1693
1708
1879
1694
1709
1695
1710
1711
1697
1700
1715
1698
1701
1699
1702
1703
1701
1704
1714
1702
1705
1703
1706
1707
1705
1708
1713
1706
1709
1707
1710
1711
1709
1712
1710
1711
1713
1716
2527
1714
1717
1715
1718
1719
1717
1720
2503
1718
1721
1719
1722
1723
1721
1724
2479
1722
1725
1723
1726
1727
1725
1728
2455
1726
1729
1727
1730
1731
1729
1732
2623
1730
1733
1731
1734
1735
1733
1736
2599
1734
1737
1735
1738
1739
1737
1740
2575
1738
1741
1739
1742
1743
1741
1744
2551
1742
1745
1743
1746
1747
1745
1748
1763
1746
1749
1747
1750
1751
1749
1752
1762
1750
1753
1751
1754
1755
1753
1756
1761
1754
1757
1755
1758
1759
1757
1760
1758
1759
1761
1764
1762
1765
1763
1766
1767
3199
1765
1768
1766
1769
1767
1770
1771
3175
1769
1772
1770
1773
1771
1774
1775
3151
1773
1776
1774
1777
1775
1778
1779
3127
1777
1780
1778
1781
1779
1782
1783
3103
1781
1784
1782
1785
1783
1786
1787
3079
1785
1788
1786
1789
1787
1790
1791
3055
1789
1792
1790
1793
1791
1794
1795
3031
1793
1796
1794
1797
1795
1798
1799
3007
1797
1800
1798
1801
1799
1802
1803
2983
1801
1804
1802
1805
1803
1806
1807
2959
1805
1808
1806
1809
1807
1810
1811
2935
1809
1812
1810
1813
1811
1814
1815
2911
1813
1816
1814
1817
1815
1818
1819
2887
1817
1820
1818
1821
1819
1822
1823
2863
1821
1824
1822
1825
1823
1826
1827
2839
1825
1828
1826
1829
1827
1830
1831
2815
1829
1832
1830
1833
1831
1834
1835
2791
1833
1836
1834
1837
1835
1838
1839
2767
1837
1840
1838
1841
1839
1842
1843
2743
1841
1844
1842
1845
1843
1846
1847
2719
1845
1848
1846
1849
1847
1850
1851
2695
1849
1852
1850
1853
1851
1854
1855
2671
1853
1854
1855
2647
1857
1880
2504
1858
1881
2505
1859
1882
2506
1860
1883
2507
1861
1884
2508
1862
1885
2509
1863
1886
2510
1864
1887
2511
1865
1888
2512
1866
1889
2513
1867
1890
2514
1868
1891
2515
1869
1892
2516
1870
1893
2517
1871
1894
2518
1872
1895
2519
1873
1896
2520
1874
1897
2521
1875
1898
2522
1876
1899
2523
1877
1900
2524
1878
1901
2525
1879
1902
2526
1903
2527
1881
1904
1882
1905
1883
1906
1884
1907
1885
1908
1886
1909
1887
1910
1888
1911
1889
1912
1890
1913
1891
1914
1892
1915
1893
1916
1894
1917
1895
1918
1896
1919
1897
1920
1898
1921
1899
1922
1900
1923
1901
1924
1902
1925
1903
1926
1927
1905
1928
1906
1929
1907
1930
1908
1931
1909
1932
1910
1933
1911
1934
1912
1935
1913
1936
1914
1937
1915
1938
1916
1939
1917
1940
1918
1941
1919
1942
1920
1943
1921
1944
1922
1945
1923
1946
1924
1947
1925
1948
1926
1949
1927
1950
1951
1929
1952
1930
1953
1931
1954
1932
1955
1933
1956
1934
1957
1935
1958
1936
1959
1937
1960
1938
1961
1939
1962
1940
1963
1941
1964
1942
1965
1943
1966
1944
1967
1945
1968
1946
1969
1947
1970
1948
1971
1949
1972
1950
1973
1951
1974
1975
1953
1976
1954
1977
1955
1978
1956
1979
1957
1980
1958
1981
1959
1982
1960
1983
1961
1984
1962
1985
1963
1986
1964
1987
1965
1988
1966
1989
1967
1990
1968
1991
1969
1992
1970
1993
1971
1994
1972
1995
1973
1996
1974
1997
1975
1998
1999
1977
2000
1978
2001
1979
2002
1980
2003
1981
2004
1982
2005
1983
2006
1984
2007
1985
2008
1986
2009
1987
2010
1988
2011
1989
2012
1990
2013
1991
2014
1992
2015
1993
2016
1994
2017
1995
2018
1996
2019
1997
2020
1998
2021
1999
2022
2023
2001
2024
2002
2025
2003
2026
2004
2027
2005
2028
2006
2029
2007
2030
2008
2031
2009
2032
2010
2033
2011
2034
2012
2035
2013
2036
2014
2037
2015
2038
2016
2039
2017
2040
2018
2041
2019
2042
2020
2043
2021
2044
2022
2045
2023
2046
2047
2025
2048
2026
2049
2027
2050
2028
2051
2029
2052
2030
2053
2031
2054
2032
2055
2033
2056
2034
2057
2035
2058
2036
2059
2037
2060
2038
2061
2039
2062
2040
2063
2041
2064
2042
2065
2043
2066
2044
2067
2045
2068
2046
2069
2047
2070
2071
2049
2072
2050
2073
2051
2074
2052
2075
2053
2076
2054
2077
2055
2078
2056
2079
2057
2080
2058
2081
2059
2082
2060
2083
2061
2084
2062
2085
2063
2086
2064
2087
2065
2088
2066
2089
2067
2090
2068
2091
2069
2092
2070
2093
2071
2094
2095
2073
2096
2074
2097
2075
2098
2076
2099
2077
2100
2078
2101
2079
2102
2080
2103
2081
2104
2082
2105
2083
2106
2084
2107
2085
2108
2086
2109
2087
2110
2088
2111
2089
2112
2090
2113
2091
2114
2092
2115
2093
2116
2094
2117
2095
2118
2119
2097
2120
2098
2121
2099
2122
2100
2123
2101
2124
2102
2125
2103
2126
2104
2127
2105
2128
2106
2129
2107
2130
2108
2131
2109
2132
2110
2133
2111
2134
2112
2135
2113
2136
2114
2137
2115
2138
2116
2139
2117
2140
2118
2141
2119
2142
2143
2121
2144
2122
2145
2123
2146
2124
2147
2125
2148
2126
2149
2127
2150
2128
2151
2129
2152
2130
2153
2131
2154
2132
2155
2133
2156
2134
2157
2135
2158
2136
2159
2137
2160
2138
2161
2139
2162
2140
2163
2141
2164
2142
2165
2143
2166
2167
2145
2168
2146
2169
2147
2170
2148
2171
2149
2172
2150
2173
2151
2174
2152
2175
2153
2176
2154
2177
2155
2178
2156
2179
2157
2180
2158
2181
2159
2182
2160
2183
2161
2184
2162
2185
2163
2186
2164
2187
2165
2188
2166
2189
2167
2190
2191
2169
2192
2170
2193
2171
2194
2172
2195
2173
2196
2174
2197
2175
2198
2176
2199
2177
2200
2178
2201
2179
2202
2180
2203
2181
2204
2182
2205
2183
2206
2184
2207
2185
2208
2186
2209
2187
2210
2188
2211
2189
2212
2190
2213
2191
2214
2215
2193
2216
2194
2217
2195
2218
2196
2219
2197
2220
2198
2221
2199
2222
2200
2223
2201
2224
2202
2225
2203
2226
2204
2227
2205
2228
2206
2229
2207
2230
2208
2231
2209
2232
2210
2233
2211
2234
2212
2235
2213
2236
2214
2237
2215
2238
2239
2217
2240
2218
2241
2219
2242
2220
2243
2221
2244
2222
2245
2223
2246
2224
2247
2225
2248
2226
2249
2227
2250
2228
2251
2229
2252
2230
2253
2231
2254
2232
2255
2233
2256
2234
2257
2235
2258
2236
2259
2237
2260
2238
2261
2239
2262
2263
2241
2264
2242
2265
2243
2266
2244
2267
2245
2268
2246
2269
2247
2270
2248
2271
2249
2272
2250
2273
2251
2274
2252
2275
2253
2276
2254
2277
2255
2278
2256
2279
2257
2280
2258
2281
2259
2282
2260
2283
2261
2284
2262
2285
2263
2286
2287
2265
2288
2266
2289
2267
2290
2268
2291
2269
2292
2270
2293
2271
2294
2272
2295
2273
2296
2274
2297
2275
2298
2276
2299
2277
2300
2278
2301
2279
2302
2280
2303
2281
2304
2282
2305
2283
2306
2284
2307
2285
2308
2286
2309
2287
2310
2311
2289
2312
2290
2313
2291
2314
2292
2315
2293
2316
2294
2317
2295
2318
2296
2319
2297
2320
2298
2321
2299
2322
2300
2323
2301
2324
2302
2325
2303
2326
2304
2327
2305
2328
2306
2329
2307
2330
2308
2331
2309
2332
2310
2333
2311
2334
2335
2313
2336
2314
2337
2315
2338
2316
2339
2317
2340
2318
2341
2319
2342
2320
2343
2321
2344
2322
2345
2323
2346
2324
2347
2325
2348
2326
2349
2327
2350
2328
2351
2329
2352
2330
2353
2331
2354
2332
2355
2333
2356
2334
2357
2335
2358
2359
2337
2360
2338
2361
2339
2362
2340
2363
2341
2364
2342
2365
2343
2366
2344
2367
2345
2368
2346
2369
2347
2370
2348
2371
2349
2372
2350
2373
2351
2374
2352
2375
2353
2376
2354
2377
2355
2378
2356
2379
2357
2380
2358
2381
2359
2382
2383
2361
2384
2362
2385
2363
2386
2364
2387
2365
2388
2366
2389
2367
2390
2368
2391
2369
2392
2370
2393
2371
2394
2372
2395
2373
2396
2374
2397
2375
2398
2376
2399
2377
2400
2378
2401
2379
2402
2380
2403
2381
2404
2382
2405
2383
2406
2407
2385
2408
2386
2409
2387
2410
2388
2411
2389
2412
2390
2413
2391
2414
2392
2415
2393
2416
2394
2417
2395
2418
2396
2419
2397
2420
2398
2421
2399
2422
2400
2423
2401
2424
2402
2425
2403
2426
2404
2427
2405
2428
2406
2429
2407
2430
2431
2409
2410
2411
2412
2413
2414
2415
2416
2417
2418
2419
2420
2421
2422
2423
2424
2425
2426
2427
2428
2429
2430
2431
2433
2456
2600
2434
2457
2601
2435
2458
2602
2436
2459
2603
2437
2460
2604
2438
2461
2605
2439
2462
2606
2440
2463
2607
2441
2464
2608
2442
2465
2609
2443
2466
2610
2444
2467
2611
2445
2468
2612
2446
2469
2613
2447
2470
2614
2448
2471
2615
2449
2472
2616
2450
2473
2617
2451
2474
2618
2452
2475
2619
2453
2476
2620
2454
2477
2621
2455
2478
2622
2479
2623
2457
2480
2458
2481
2459
2482
2460
2483
2461
2484
2462
2485
2463
2486
2464
2487
2465
2488
2466
2489
2467
2490
2468
2491
2469
2492
2470
2493
2471
2494
2472
2495
2473
2496
2474
2497
2475
2498
2476
2499
2477
2500
2478
2501
2479
2502
2503
2481
2504
2482
2505
2483
2506
2484
2507
2485
2508
2486
2509
2487
2510
2488
2511
2489
2512
2490
2513
2491
2514
2492
2515
2493
2516
2494
2517
2495
2518
2496
2519
2497
2520
2498
2521
2499
2522
2500
2523
2501
2524
2502
2525
2503
2526
2527
2505
2506
2507
2508
2509
2510
2511
2512
2513
2514
2515
2516
2517
2518
2519
2520
2521
2522
2523
2524
2525
2526
2527
2529
2552
3176
2530
2553
3177
2531
2554
3178
2532
2555
3179
2533
2556
3180
2534
2557
3181
2535
2558
3182
2536
2559
3183
2537
2560
3184
2538
2561
3185
2539
2562
3186
2540
2563
3187
2541
2564
3188
2542
2565
3189
2543
2566
3190
2544
2567
3191
2545
2568
3192
2546
2569
3193
2547
2570
3194
2548
2571
3195
2549
2572
3196
2550
2573
3197
2551
2574
3198
2575
3199
2553
2576
2554
2577
2555
2578
2556
2579
2557
2580
2558
2581
2559
2582
2560
2583
2561
2584
2562
2585
2563
2586
2564
2587
2565
2588
2566
2589
2567
2590
2568
2591
2569
2592
2570
2593
2571
2594
2572
2595
2573
2596
2574
2597
2575
2598
2599
2577
2600
2578
2601
2579
2602
2580
2603
2581
2604
2582
2605
2583
2606
2584
2607
2585
2608
2586
2609
2587
2610
2588
2611
2589
2612
2590
2613
2591
2614
2592
2615
2593
2616
2594
2617
2595
2618
2596
2619
2597
2620
2598
2621
2599
2622
2623
2601
2602
2603
2604
2605
2606
2607
2608
2609
2610
2611
2612
2613
2614
2615
2616
2617
2618
2619
2620
2621
2622
2623
2625
2648
2626
2649
2627
2650
2628
2651
2629
2652
2630
2653
2631
2654
2632
2655
2633
2656
2634
2657
2635
2658
2636
2659
2637
2660
2638
2661
2639
2662
2640
2663
2641
2664
2642
2665
2643
2666
2644
2667
2645
2668
2646
2669
2647
2670
2671
2649
2672
2650
2673
2651
2674
2652
2675
2653
2676
2654
2677
2655
2678
2656
2679
2657
2680
2658
2681
2659
2682
2660
2683
2661
2684
2662
2685
2663
2686
2664
2687
2665
2688
2666
2689
2667
2690
2668
2691
2669
2692
2670
2693
2671
2694
2695
2673
2696
2674
2697
2675
2698
2676
2699
2677
2700
2678
2701
2679
2702
2680
2703
2681
2704
2682
2705
2683
2706
2684
2707
2685
2708
2686
2709
2687
2710
2688
2711
2689
2712
2690
2713
2691
2714
2692
2715
2693
2716
2694
2717
2695
2718
2719
2697
2720
2698
2721
2699
2722
2700
2723
2701
2724
2702
2725
2703
2726
2704
2727
2705
2728
2706
2729
2707
2730
2708
2731
2709
2732
2710
2733
2711
2734
2712
2735
2713
2736
2714
2737
2715
2738
2716
2739
2717
2740
2718
2741
2719
2742
2743
2721
2744
2722
2745
2723
2746
2724
2747
2725
2748
2726
2749
2727
2750
2728
2751
2729
2752
2730
2753
2731
2754
2732
2755
2733
2756
2734
2757
2735
2758
2736
2759
2737
2760
2738
2761
2739
2762
2740
2763
2741
2764
2742
2765
2743
2766
2767
2745
2768
2746
2769
2747
2770
2748
2771
2749
2772
2750
2773
2751
2774
2752
2775
2753
2776
2754
2777
2755
2778
2756
2779
2757
2780
2758
2781
2759
2782
2760
2783
2761
2784
2762
2785
2763
2786
2764
2787
2765
2788
2766
2789
2767
2790
2791
2769
2792
2770
2793
2771
2794
2772
2795
2773
2796
2774
2797
2775
2798
2776
2799
2777
2800
2778
2801
2779
2802
2780
2803
2781
2804
2782
2805
2783
2806
2784
2807
2785
2808
2786
2809
2787
2810
2788
2811
2789
2812
2790
2813
2791
2814
2815
2793
2816
2794
2817
2795
2818
2796
2819
2797
2820
2798
2821
2799
2822
2800
2823
2801
2824
2802
2825
2803
2826
2804
2827
2805
2828
2806
2829
2807
2830
2808
2831
2809
2832
2810
2833
2811
2834
2812
2835
2813
2836
2814
2837
2815
2838
2839
2817
2840
2818
2841
2819
2842
2820
2843
2821
2844
2822
2845
2823
2846
2824
2847
2825
2848
2826
2849
2827
2850
2828
2851
2829
2852
2830
2853
2831
2854
2832
2855
2833
2856
2834
2857
2835
2858
2836
2859
2837
2860
2838
2861
2839
2862
2863
2841
2864
2842
2865
2843
2866
2844
2867
2845
2868
2846
2869
2847
2870
2848
2871
2849
2872
2850
2873
2851
2874
2852
2875
2853
2876
2854
2877
2855
2878
2856
2879
2857
2880
2858
2881
2859
2882
2860
2883
2861
2884
2862
2885
2863
2886
2887
2865
2888
2866
2889
2867
2890
2868
2891
2869
2892
2870
2893
2871
2894
2872
2895
2873
2896
2874
2897
2875
2898
2876
2899
2877
2900
2878
2901
2879
2902
2880
2903
2881
2904
2882
2905
2883
2906
2884
2907
2885
2908
2886
2909
2887
2910
2911
2889
2912
2890
2913
2891
2914
2892
2915
2893
2916
2894
2917
2895
2918
2896
2919
2897
2920
2898
2921
2899
2922
2900
2923
2901
2924
2902
2925
2903
2926
2904
2927
2905
2928
2906
2929
2907
2930
2908
2931
2909
2932
2910
2933
2911
2934
2935
2913
2936
2914
2937
2915
2938
2916
2939
2917
2940
2918
2941
2919
2942
2920
2943
2921
2944
2922
2945
2923
2946
2924
2947
2925
2948
2926
2949
2927
2950
2928
2951
2929
2952
2930
2953
2931
2954
2932
2955
2933
2956
2934
2957
2935
2958
2959
2937
2960
2938
2961
2939
2962
2940
2963
2941
2964
2942
2965
2943
2966
2944
2967
2945
2968
2946
2969
2947
2970
2948
2971
2949
2972
2950
2973
2951
2974
2952
2975
2953
2976
2954
2977
2955
2978
2956
2979
2957
2980
2958
2981
2959
2982
2983
2961
2984
2962
2985
2963
2986
2964
2987
2965
2988
2966
2989
2967
2990
2968
2991
2969
2992
2970
2993
2971
2994
2972
2995
2973
2996
2974
2997
2975
2998
2976
2999
2977
3000
2978
3001
2979
3002
2980
3003
2981
3004
2982
3005
2983
3006
3007
2985
3008
2986
3009
2987
3010
2988
3011
2989
3012
2990
3013
2991
3014
2992
3015
2993
3016
2994
3017
2995
3018
2996
3019
2997
3020
2998
3021
2999
3022
3000
3023
3001
3024
3002
3025
3003
3026
3004
3027
3005
3028
3006
3029
3007
3030
3031
3009
3032
3010
3033
3011
3034
3012
3035
3013
3036
3014
3037
3015
3038
3016
3039
3017
3040
3018
3041
3019
3042
3020
3043
3021
3044
3022
3045
3023
3046
3024
3047
3025
3048
3026
3049
3027
3050
3028
3051
3029
3052
3030
3053
3031
3054
3055
3033
3056
3034
3057
3035
3058
3036
3059
3037
3060
3038
3061
3039
3062
3040
3063
3041
3064
3042
3065
3043
3066
3044
3067
3045
3068
3046
3069
3047
3070
3048
3071
3049
3072
3050
3073
3051
3074
3052
3075
3053
3076
3054
3077
3055
3078
3079
3057
3080
3058
3081
3059
3082
3060
3083
3061
3084
3062
3085
3063
3086
3064
3087
3065
3088
3066
3089
3067
3090
3068
3091
3069
3092
3070
3093
3071
3094
3072
3095
3073
3096
3074
3097
3075
3098
3076
3099
3077
3100
3078
3101
3079
3102
3103
3081
3104
3082
3105
3083
3106
3084
3107
3085
3108
3086
3109
3087
3110
3088
3111
3089
3112
3090
3113
3091
3114
3092
3115
3093
3116
3094
3117
3095
3118
3096
3119
3097
3120
3098
3121
3099
3122
3100
3123
3101
3124
3102
3125
3103
3126
3127
3105
3128
3106
3129
3107
3130
3108
3131
3109
3132
3110
3133
3111
3134
3112
3135
3113
3136
3114
3137
3115
3138
3116
3139
3117
3140
3118
3141
3119
3142
3120
3143
3121
3144
3122
3145
3123
3146
3124
3147
3125
3148
3126
3149
3127
3150
3151
3129
3152
3130
3153
3131
3154
3132
3155
3133
3156
3134
3157
3135
3158
3136
3159
3137
3160
3138
3161
3139
3162
3140
3163
3141
3164
3142
3165
3143
3166
3144
3167
3145
3168
3146
3169
3147
3170
3148
3171
3149
3172
3150
3173
3151
3174
3175
3153
3176
3154
3177
3155
3178
3156
3179
3157
3180
3158
3181
3159
3182
3160
3183
3161
3184
3162
3185
3163
3186
3164
3187
3165
3188
3166
3189
3167
3190
3168
3191
3169
3192
3170
3193
3171
3194
3172
3195
3173
3196
3174
3197
3175
3198
3199
3177
3178
3179
3180
3181
3182
3183
3184
3185
3186
3187
3188
3189
3190
3191
3192
3193
3194
3195
3196
3197
3198
3199
)


// ************************************************************************* //
